[-0.03813702  0.37796792 -0.008275   -1.9291553  -0.00730705  2.3546658
  0.78678703  1.        ][-0.03813702  0.3841583  -0.008275   -1.9247088  -0.00730705  2.3575222
  0.78678703  1.        ][-0.03813702  0.3903487  -0.008275   -1.9247088  -0.00730705  2.3603787
  0.78678703  1.        ][-0.04109144  0.39344388 -0.008275   -1.9247088  -0.00730705  2.3603787
  0.76795506  1.        ][-0.04109144  0.40272945 -0.008275   -1.9202626  -0.00730705  2.3660915
  0.76795506  1.        ][-0.04404587  0.40891984 -0.00449613 -1.9158161  -0.00290531  2.368948
  0.76795506  1.        ][-0.04700035  0.42130062 -0.00449613 -1.9113698  -0.00290531  2.374661
  0.76795506  1.        ][-0.04995477  0.4336814  -0.00449613 -1.9069233  -0.00290531  2.380374
  0.74912286  1.        ][-0.05586362  0.45225254 -0.00449613 -1.8980305  -0.00290531  2.3889432
  0.73029065  1.        ][-0.05881804  0.47082368 -0.00449613 -1.8891377  -0.00290531  2.3946562
  0.73029065  1.        ][-0.06472689  0.49249002 -0.00449613 -1.8757986  -0.00290531  2.4032254
  0.71145844  1.        ][-0.0706358   0.5172515  -0.00449613 -1.8669058  -0.00290531  2.4089384
  0.6926265   1.        ][-7.6544642e-02  5.3891790e-01 -4.4961274e-03 -1.8535666e+00
  1.4964342e-03  2.4175076e+00  6.9262648e-01  1.0000000e+00][-8.2453489e-02  5.6986976e-01 -7.1728230e-04 -1.8357811e+00
  1.4964342e-03  2.4232206e+00  6.5496206e-01  1.0000000e+00][-8.8362336e-02  5.9463131e-01 -7.1728230e-04 -1.8179955e+00
 -2.9053092e-03  2.4289336e+00  6.5496206e-01  1.0000000e+00][-9.4271243e-02  6.1320245e-01 -7.1728230e-04 -1.8046564e+00
 -2.9053092e-03  2.4346464e+00  6.3612986e-01  1.0000000e+00][-9.7225666e-02  6.3177359e-01 -4.4961274e-03 -1.7868708e+00
  1.4964342e-03  2.4317899e+00  6.1729789e-01  1.0000000e+00][-1.0313451e-01  6.5034473e-01 -4.4961274e-03 -1.7735317e+00
  1.4964342e-03  2.4346464e+00  6.1729789e-01  1.0000000e+00][-1.0608894e-01  6.6891587e-01 -4.4961274e-03 -1.7601925e+00
  1.4964342e-03  2.4346464e+00  5.9846568e-01  1.0000000e+00][-1.1199778e-01  6.8439186e-01 -7.1728230e-04 -1.7468534e+00
  1.4964342e-03  2.4346464e+00  5.9846568e-01  1.0000000e+00][-1.14952266e-01  6.93677425e-01 -7.17282295e-04 -1.73796058e+00
  1.49643421e-03  2.43750286e+00  5.98465681e-01  1.00000000e+00][-1.1790669e-01  7.0296299e-01 -7.1728230e-04 -1.7290678e+00
  1.4964342e-03  2.4346464e+00  5.7963347e-01  1.0000000e+00][-1.2086111e-01  7.1224856e-01 -7.1728230e-04 -1.7246213e+00
  1.4964342e-03  2.4375029e+00  5.7963347e-01  1.0000000e+00][-1.2086111e-01  7.1843898e-01 -7.1728230e-04 -1.7201750e+00
  1.4964342e-03  2.4375029e+00  5.7963347e-01  1.0000000e+00][-1.2086111e-01  7.1843898e-01 -7.1728230e-04 -1.7157285e+00
  1.4964342e-03  2.4375029e+00  5.7963347e-01  1.0000000e+00][-1.2086111e-01  7.1843898e-01 -7.1728230e-04 -1.7201750e+00
  1.4964342e-03  2.4375029e+00  5.7963347e-01  1.0000000e+00][-1.2086111e-01  7.1843898e-01 -7.1728230e-04 -1.7201750e+00
  1.4964342e-03  2.4375029e+00  5.7963347e-01  1.0000000e+00][-1.1790669e-01  7.1224856e-01 -7.1728230e-04 -1.7246213e+00
  1.4964342e-03  2.4375029e+00  5.7963347e-01  1.0000000e+00][-1.1790669e-01  7.1224856e-01 -7.1728230e-04 -1.7246213e+00
  1.4964342e-03  2.4403594e+00  5.7963347e-01  1.0000000e+00][-1.1790669e-01  7.1843898e-01 -7.1728230e-04 -1.7246213e+00
  1.4964342e-03  2.4403594e+00  5.7963347e-01  1.0000000e+00][-1.2086111e-01  7.2462928e-01 -7.1728230e-04 -1.7201750e+00
 -2.9053092e-03  2.4403594e+00  5.7963347e-01  1.0000000e+00][-1.2086111e-01  7.3081970e-01 -7.1728230e-04 -1.7157285e+00
  1.4964342e-03  2.4460721e+00  5.7963347e-01  1.0000000e+00][-1.1199778e-01  7.3081970e-01 -7.1728230e-04 -1.7157285e+00
  1.4964342e-03  2.4460721e+00  5.6080127e-01  1.0000000e+00][-1.1199778e-01  7.3701012e-01 -7.1728230e-04 -1.7157285e+00
  1.4964342e-03  2.4517851e+00  5.6080127e-01  1.0000000e+00][-1.1199778e-01  7.4939084e-01 -7.1728230e-04 -1.7112823e+00
  1.4964342e-03  2.4603543e+00  5.7963347e-01  1.0000000e+00][-1.1199778e-01  7.6796198e-01 -7.1728230e-04 -1.7023895e+00
  1.4964342e-03  2.4689238e+00  5.7963347e-01  1.0000000e+00][-1.1199778e-01  7.8034270e-01 -7.1728230e-04 -1.6979430e+00
  1.4964342e-03  2.4803495e+00  5.6080127e-01  1.0000000e+00][-1.0904336e-01  7.9272354e-01 -7.1728230e-04 -1.6934967e+00
  1.4964342e-03  2.4860625e+00  5.7963347e-01  1.0000000e+00][-1.0904336e-01  8.0510426e-01 -7.1728230e-04 -1.6890502e+00
  1.4964342e-03  2.4946318e+00  5.7963347e-01  1.0000000e+00][-1.0904336e-01  8.1129467e-01 -7.1728230e-04 -1.6890502e+00
  1.4964342e-03  2.5003448e+00  5.7963347e-01  1.0000000e+00][-1.0904336e-01  8.1748509e-01 -7.1728230e-04 -1.6846039e+00
  1.4964342e-03  2.5032012e+00  5.7963347e-01  1.0000000e+00][-1.0904336e-01  8.1748509e-01 -7.1728230e-04 -1.6846039e+00
  1.4964342e-03  2.5060577e+00  5.7963347e-01  1.0000000e+00][-1.0904336e-01  8.1748509e-01 -7.1728230e-04 -1.6890502e+00
  1.4964342e-03  2.5060577e+00  5.7963347e-01  1.0000000e+00][-1.1199778e-01  8.1748509e-01 -7.1728230e-04 -1.6890502e+00
  1.4964342e-03  2.5032012e+00  5.7963347e-01  5.4687500e-02][-0.11495227  0.8174851   0.00306162 -1.6890502  -0.00290531  2.4974883
  0.5796335  -0.99609375][-0.11199778  0.8174851   0.00306162 -1.6890502  -0.00290531  2.4974883
  0.56080127 -0.99609375][-1.1199778e-01  8.1748509e-01 -7.1728230e-04 -1.6846039e+00
  1.4964342e-03  2.4974883e+00  5.6080127e-01 -9.9609375e-01][-1.1199778e-01  8.1748509e-01 -7.1728230e-04 -1.6846039e+00
  1.4964342e-03  2.4974883e+00  5.6080127e-01 -1.0000000e+00][-1.1199778e-01  8.0510426e-01 -7.1728230e-04 -1.7068357e+00
  1.4964342e-03  2.5060577e+00  5.4196930e-01 -9.9609375e-01][-1.0904336e-01  7.9272354e-01 -7.1728230e-04 -1.7246213e+00
  1.4964342e-03  2.5146270e+00  5.4196930e-01 -9.9609375e-01][-1.0904336e-01  7.8034270e-01 -7.1728230e-04 -1.7468534e+00
  1.4964342e-03  2.5231962e+00  5.4196930e-01 -9.9609375e-01][-1.0608894e-01  7.6796198e-01 -7.1728230e-04 -1.7735317e+00
  1.4964342e-03  2.5346222e+00  5.4196930e-01 -9.9609375e-01][-1.0313451e-01  7.4939084e-01 -7.1728230e-04 -1.8002100e+00
  1.4964342e-03  2.5460479e+00  5.4196930e-01 -9.9609375e-01][-1.0313451e-01  7.3081970e-01 -7.1728230e-04 -1.8357811e+00
  1.4964342e-03  2.5603302e+00  5.6080127e-01 -9.9609375e-01][-9.7225666e-02  7.1224856e-01 -7.1728230e-04 -1.8669058e+00
  1.4964342e-03  2.5774689e+00  5.6080127e-01 -9.9609375e-01][-9.7225666e-02  6.9367743e-01 -7.1728230e-04 -1.9024770e+00
 -2.9053092e-03  2.5888948e+00  5.6080127e-01 -9.9609375e-01][-9.4271243e-02  6.7201102e-01 -7.1728230e-04 -1.9336016e+00
 -2.9053092e-03  2.6003206e+00  5.6080127e-01 -9.9609375e-01][-9.1316819e-02  6.5343988e-01 -7.1728230e-04 -1.9647264e+00
 -2.9053092e-03  2.6174593e+00  5.6080127e-01 -9.9609375e-01][-8.8362336e-02  6.3177359e-01 -7.1728230e-04 -2.0002975e+00
 -2.9053092e-03  2.6288850e+00  5.6080127e-01 -9.9609375e-01][-8.2453489e-02  6.1320245e-01 -7.1728230e-04 -2.0314221e+00
 -2.9053092e-03  2.6403108e+00  5.6080127e-01 -9.9609375e-01][-7.9499066e-02  5.9463131e-01 -7.1728230e-04 -2.0581007e+00
 -2.9053092e-03  2.6517367e+00  5.7963347e-01 -9.9609375e-01][-0.07654464  0.5791553   0.00306162 -2.0892253  -0.00290531  2.6631625
  0.5796335  -0.99609375][-0.0706358   0.5605842   0.00306162 -2.1159036  -0.00290531  2.6745882
  0.5796335  -0.9921875 ][-6.7681313e-02  5.4510820e-01 -7.1728230e-04 -2.1425819e+00
 -2.9053092e-03  2.6860142e+00  5.7963347e-01 -9.9218750e-01][-0.04995477  0.52963233  0.00306162 -2.1336892  -0.00290531  2.6574495
  0.6172979  -0.99609375][-0.04109144  0.5110612   0.00306162 -2.142582   -0.00290531  2.6517367
  0.6172979  -1.        ][-0.03222817  0.49558517  0.00306162 -2.1514747  -0.00290531  2.6403108
  0.6172979  -1.        ][-0.02631932  0.4832044   0.0068405  -2.155921   -0.00290531  2.634598
  0.63612986 -1.        ][-0.02041042  0.47391883  0.0068405  -2.1603675  -0.00730705  2.634598
  0.63612986 -1.        ][-0.017456    0.46463326  0.0068405  -2.164814   -0.00730705  2.628885
  0.65496206 -1.        ]