[ 0.01504272  0.70605814 -0.01205388 -1.5689977  -0.02051228  2.6060333
  0.18415856  0.984375  ][ 0.01504272  0.70605814 -0.01205388 -1.5423194  -0.01831144  2.5888948
  0.18415856  0.9765625 ][ 0.01504272  0.702963   -0.01205388 -1.5334266  -0.01611054  2.5774689
  0.18415856  0.984375  ][ 0.01504272  0.702963   -0.01205388 -1.5334266  -0.01611054  2.571756
  0.20299053  0.984375  ][ 0.00913388  0.69986784 -0.01205388 -1.537873   -0.01611054  2.571756
  0.18415856  0.984375  ][ 0.00913388  0.6967726  -0.01205388 -1.537873   -0.0139097   2.571756
  0.20299053  0.984375  ][ 0.00617945  0.6967726  -0.01205388 -1.537873   -0.0117088   2.5774689
  0.18415856  0.96875   ][ 0.00617945  0.6967726  -0.01205388 -1.5423194  -0.0139097   2.571756
  0.20299053  0.984375  ][ 0.00617945  0.6967726  -0.01205388 -1.537873   -0.0139097   2.571756
  0.20299053  0.984375  ][ 0.00617945  0.6967726  -0.01205388 -1.537873   -0.0117088   2.5660431
  0.20299053  0.984375  ][ 0.00617945  0.6936774  -0.01205388 -1.537873   -0.0117088   2.5660431
  0.20299053  0.984375  ][ 0.00322503  0.6967726  -0.01583275 -1.5423194  -0.0117088   2.571756
  0.20299053  0.96875   ][ 0.00322503  0.6967726  -0.01583275 -1.5423194  -0.0117088   2.571756
  0.20299053  0.96875   ][ 0.00617945  0.6967726  -0.01583275 -1.537873   -0.00730705  2.5660431
  0.20299053  0.96875   ][ 0.00617945  0.6967726  -0.01583275 -1.5334266  -0.00730705  2.5660431
  0.20299053  0.96875   ][ 0.00617945  0.6967726  -0.01772219 -1.5334266  -0.0117088   2.5603302
  0.20299053  0.9765625 ][ 0.00322503  0.6936774  -0.008275   -1.5512122  -0.02491403  2.5831819
  0.20299053  0.984375  ][ 0.00322503  0.6905823  -0.01205388 -1.5423194  -0.02051228  2.5831819
  0.20299053  0.96875   ][ 0.00322503  0.6905823  -0.008275   -1.537873   -0.02051228  2.5831819
  0.20299053  0.96875   ][ 0.00322503  0.687487   -0.008275   -1.5423194  -0.01831144  2.5888948
  0.20299053  0.953125  ][ 0.00322503  0.687487   -0.00449613 -1.5423194  -0.01611054  2.5888948
  0.20299053  0.953125  ][ 0.00322503  0.687487   -0.00449613 -1.5423194  -0.01611054  2.5888948
  0.20299053  0.9453125 ][ 0.00617945  0.68439186  0.00306162 -1.5467658  -0.00730705  2.6060333
  0.20299053  0.9453125 ][ 0.00913388  0.68439186  0.0068405  -1.5556586  -0.00290531  2.623172
  0.20299053  0.9375    ][ 0.00617945  0.687487    0.01439819 -1.5512122   0.00589818  2.634598
  0.20299053  0.9296875 ][ 0.00913388  0.687487    0.0068405  -1.5556586  -0.00290531  2.6174593
  0.20299053  0.9375    ][ 0.00913388  0.6905823   0.00306162 -1.5556586  -0.00730705  2.6117463
  0.20299053  0.9375    ][ 0.00913388  0.6967726   0.01061931 -1.5556586  -0.00290531  2.623172
  0.20299053  0.9375    ][ 0.00913388  0.6967726   0.01061931 -1.5556586  -0.00730705  2.6174593
  0.20299053  0.9375    ][ 0.00913388  0.6967726   0.01061931 -1.5645514  -0.00290531  2.623172
  0.20299053  0.9375    ][ 9.1338754e-03  6.9986784e-01  1.4398187e-02 -1.5645514e+00
  1.4964342e-03  2.6288850e+00  2.2182274e-01  9.3750000e-01][ 0.01504272  0.69986784  0.01439819 -1.5645514  -0.00290531  2.623172
  0.20299053  0.921875  ][ 0.13322002  0.62867844  0.15421638 -1.4934092   0.3580379   2.9716592
  0.20299053  0.875     ][ 0.13912886  0.622488    0.16177413 -1.4934092   0.3492344   3.0516398
  0.18415856  0.859375  ][ 0.14503771  0.637964    0.16177413 -1.4934092   0.32282394  3.0744915
  0.20299053  0.8828125 ][ 0.14503771  0.6534399   0.165553   -1.5111947   0.3052169   3.0744915
  0.22182274  0.8828125 ][ 0.16276431  0.6596303   0.165553   -1.5512122   0.2744047   3.103056
  0.20299053  0.890625  ][ 0.16276431  0.6812966   0.16177413 -1.6045688   0.24799424  3.108769
  0.22182274  0.8984375 ][ 0.16276431  0.6936774   0.15799525 -1.6134616   0.23478901  3.1144817
  0.24065495  0.90625   ][ 0.16276431  0.70605814  0.15043756 -1.6356936   0.22158372  3.1201944
  0.25948715  0.8984375 ][ 0.15685546  0.71224856  0.14665869 -1.6356936   0.199575    3.108769
  0.27831912  0.90625   ][ 0.15094656  0.7370101   0.13910094 -1.7157285   0.18636978  3.1430461
  0.29715133  0.90625   ][ 0.15094656  0.7370101   0.13532206 -1.720175    0.1687628   3.1430461
  0.29715133  0.9140625 ][ 0.15094656  0.7432004   0.13154319 -1.7468534   0.15555757  3.1373334
  0.31598353  0.90625   ][ 0.15685546  0.7308197   0.13910094 -1.7246213   0.17316455  3.1316204
  0.29715133  0.90625   ][ 0.16276431  0.718439    0.14287981 -1.7157285   0.17316455  3.1316204
  0.29715133  0.90625   ][ 0.174582    0.702963    0.14287981 -1.6846039   0.199575    3.1259074
  0.27831912  0.890625  ][ 0.174582    0.718439    0.13532206 -1.697943    0.17756629  3.1201944
  0.29715133  0.890625  ][ 0.174582    0.64105916  0.15799525 -1.537873    0.30961865  3.1773236
  0.33481574  0.890625  ][ 0.2100352   0.6162976   0.1806685  -1.4311597   0.35363615  3.2287397
  0.29715133  0.875     ][ 0.2277618   0.61320245  0.1806685  -1.4044814   0.37564486  3.2458785
  0.29715133  0.84375   ][ 0.23367065  0.62867844  0.1806685  -1.3511246   0.36684138  3.2573042
  0.29715133  0.859375  ][ 0.2395795   0.64105916  0.1806685  -1.3155535   0.36243963  3.2687302
  0.29715133  0.859375  ][ 0.2395795   0.6441543   0.18444738 -1.297768    0.36243963  3.2687302
  0.31598353  0.828125  ][ 0.2454884   0.6441543   0.18444738 -1.2888752   0.37124312  3.2915816
  0.33481574  0.8359375 ][ 0.2454884   0.6472496   0.18822625 -1.2888752   0.37564486  3.2801557
  0.31598353  0.8125    ][ 0.2454884   0.6317736   0.195784   -1.2710897   0.37564486  3.2801557
  0.31598353  0.828125  ][ 0.25139725  0.622488    0.2033417  -1.2444113   0.37124312  3.314433
  0.33481574  0.8359375 ][ 0.25730616  0.60082173  0.19956288 -1.217733    0.36684138  3.314433
  0.3536477   0.84375   ][ 0.263215    0.59772646  0.19956288 -1.1999475   0.3580379   3.3372848
  0.3536477   0.84375   ][ 0.263215    0.6039169   0.19956288 -1.1910547   0.3580379   3.3601365
  0.37247992  0.828125  ][ 0.263215    0.5946313   0.2033417  -1.1732692   0.3492344   3.3601365
  0.37247992  0.828125  ][ 0.25730616  0.6101073   0.2033417  -1.1732692   0.33602917  3.3601365
  0.41014433  0.84375   ][ 0.263215    0.59153616  0.2033417  -1.1732692   0.33162743  3.3372848
  0.39131212  0.875     ][ 0.26912385  0.44915733  0.19956288 -1.102127    0.54291123  3.62293
  0.4289763   0.859375  ][ 0.30457705  0.4553477   0.21845719 -0.977628    0.5693217   3.7029104
  0.4478085   0.78125   ][ 0.30457705  0.4584429   0.23357269 -0.897593    0.5473129   3.7714653
  0.5231371   0.890625  ][ 0.3104859   0.4584429   0.24868819 -0.85312915  0.5385094   3.794317
  0.5796335   0.859375  ][ 0.3223036   0.48010924  0.25624588 -0.8086653   0.53410774  3.8171687
  0.63612986  0.859375  ][ 0.31639475  0.5079659   0.26380363 -0.74641573  0.52090245  3.8171687
  0.65496206  0.8203125 ][ 0.30457705  0.5079659   0.26002476 -0.7197374   0.5076973   3.8057427
  0.65496206  0.859375  ][ 0.2868504   0.51415634  0.27514026 -0.66638076  0.494492    3.8171687
  0.65496206  0.84375   ][ 0.28094155  0.51415634  0.27891913 -0.6397023   0.48128682  3.8171687
  0.65496206  0.890625  ][ 0.2750327   0.5079659   0.27891913 -0.6041312   0.48128682  3.8171687
  0.65496206  0.8984375 ][ 0.26912385  0.52963233  0.27891913 -0.5685601   0.47248334  3.8400202
  0.67379427  0.859375  ][ 0.26912385  0.5327275   0.27514026 -0.532989    0.47248334  3.8171687
  0.63612986  0.890625  ][ 0.263215    0.5512986   0.2675825  -0.532989    0.46367985  3.8171687
  0.6172979   0.859375  ][ 0.26912385  0.56986976  0.25624588 -0.5063107   0.46367985  3.8400202
  0.5984657   0.875     ][ 0.26912385  0.5729649   0.24868819 -0.49741793  0.46367985  3.8400202
  0.5796335   0.8515625 ][ 0.26912385  0.5605842   0.24868819 -0.55966735  0.47248334  3.8400202
  0.5984657   0.8671875 ][ 0.26912385  0.42130062  0.27136138 -0.59523845  0.5781252   3.9999814
  0.6926265   0.890625  ][ 0.25730616  0.3903487   0.27891913 -0.63080955  0.60453564  4.0571103
  0.65496206  0.9296875 ][ 0.2454884   0.3841583   0.27891913 -0.65748787  0.58692867  4.0913877
  0.65496206  0.9453125 ][ 0.23367065  0.3903487   0.282698   -0.67527354  0.59573215  4.1142397
  0.65496206  0.9453125 ][ 0.22185296  0.39653906  0.27136138 -0.71084464  0.60453564  4.125665
  0.65496206  0.9453125 ][ 0.22185296  0.40272945  0.26380363 -0.73752296  0.60453564  4.125665
  0.63612986  0.953125  ][ 0.22185296  0.40582466  0.26380363 -0.74641573  0.60453564  4.125665
  0.6172979   0.953125  ][ 0.22185296  0.42439577  0.26380363 -0.7553085   0.60453564  4.137091
  0.63612986  0.953125  ][ 0.23367065  0.4151102   0.26002476 -0.7553085   0.60453564  4.1485167
  0.63612986  0.96875   ][ 0.23367065  0.42749098  0.26002476 -0.7286302   0.59573215  4.137091
  0.65496206  0.96875   ][ 0.2277618   0.43987176  0.25624588 -0.7197374   0.60453564  4.1485167
  0.65496206  0.9609375 ][ 0.2277618   0.4336814   0.25624588 -0.71084464  0.60453564  4.137091
  0.63612986  0.96875   ][ 0.22185296  0.44606212  0.25624588 -0.7197374   0.60453564  4.1485167
  0.63612986  0.96875   ][ 0.2277618   0.43987176  0.252467   -0.7197374   0.60453564  4.1599426
  0.65496206  0.96875   ][ 0.2395795   0.42749098  0.24868819 -0.7197374   0.58692867  4.1485167
  0.65496206  0.96875   ][ 0.2395795   0.43677655  0.24490932 -0.7197374   0.58692867  4.1599426
  0.67379427  0.9765625 ][ 0.2454884   0.36249197  0.22979382 -0.8353436   0.73658806  4.034259
  0.73029065  0.953125  ][ 0.263215    0.4336814   0.21845719 -0.92427135  0.7806055   4.137091
  0.67379427  0.96875   ][ 0.2750327   0.4862996   0.21845719 -0.977628    0.7806055   4.2170715
  0.67379427  0.96875   ][ 0.28094155  0.54201305  0.21467832 -1.0220919   0.79821247  4.262775
  0.65496206  0.953125  ][ 0.30457705  0.60701203  0.21089944 -1.057663    0.80701596  4.2970524
  0.63612986  0.9375    ][ 0.31639475  0.6503447   0.20712057 -1.0665557   0.81581944  4.2970524
  0.6172979   0.8359375 ][ 0.29275924  0.6751063   0.2033417  -1.0754485   0.81581944  4.2970524
  0.5796335   0.84375   ][ 0.263215    0.6751063   0.2033417  -1.0932341   0.80701596  4.274201
  0.5419693   0.8828125 ][ 0.23367065  0.6812966   0.2033417  -1.0665557   0.79821247  4.274201
  0.5419693   0.921875  ][ 0.2100352   0.6905823   0.19956288 -1.0665557   0.80701596  4.262775
  0.5419693   0.9296875 ][ 0.19821745  0.68439186  0.19956288 -1.057663    0.80701596  4.262775
  0.5419693   0.9375    ][ 0.18049091  0.6936774   0.2033417  -1.0665557   0.80701596  4.262775
  0.5043049   0.9375    ][ 0.18049091  0.702963    0.2033417  -1.0665557   0.80701596  4.274201
  0.5419693   0.9140625 ][ 0.18639976  0.718439    0.2033417  -1.0932341   0.81581944  4.2970524
  0.56080127  0.890625  ][ 0.18639976  0.71224856  0.195784   -1.1110197   0.81581944  4.2970524
  0.5796335   0.921875  ][ 0.19821745  0.702963    0.18444738 -1.137698    0.79821247  4.3084784
  0.5796335   0.953125  ][ 0.2100352   0.6534399   0.14665869 -1.0754485   0.9390684   3.954278
  0.63612986  0.921875  ][ 0.22185296  0.70605814  0.13910094 -1.0131991   0.94787186  3.9999814
  0.5984657   0.921875  ][ 0.21594405  0.7370101   0.14665869 -1.0131991   0.9390684   4.022833
  0.6172979   0.921875  ][ 0.21594405  0.76177156  0.15421638 -1.0220919   0.9390684   4.045685
  0.65496206  0.921875  ][ 0.21594405  0.7803427   0.15421638 -1.0220919   0.9390684   4.0571103
  0.65496206  0.9375    ][ 0.20412636  0.80510426  0.15421638 -1.0487702   0.9302649   4.0799623
  0.71145844  0.921875  ][ 0.19821745  0.8174851   0.15043756 -1.0754485   0.9214614   4.1028137
  0.76795506  0.921875  ][ 0.19821745  0.8298658   0.15043756 -1.0754485   0.9038544   4.1142397
  0.74912286  0.921875  ][ 0.18639976  0.83605623  0.15421638 -1.0932341   0.9038544   4.125665
  0.78678703  0.9140625 ][ 0.18049091  0.84224653  0.15043756 -1.102127    0.9038544   4.125665
  0.82445145  0.9140625 ][ 0.18049091  0.8546274   0.14287981 -1.1110197   0.9038544   4.1485167
  0.8432834   0.90625   ][ 0.174582    0.8608177   0.14287981 -1.1110197   0.9038544   4.1485167
  0.82445145  0.8984375 ][ 0.174582    0.8670081   0.14287981 -1.1110197   0.9038544   4.1599426
  0.8432834   0.890625  ][ 0.174582    0.8793888   0.14287981 -1.137698    0.9038544   4.1713686
  0.8809478   0.859375  ][ 0.16867316  0.8855792   0.13532206 -1.1554836   0.9038544   4.19422
  0.918612    0.859375  ][ 0.174582    0.8793888   0.13532206 -1.1554836   0.9038544   4.19422
  0.918612    0.859375  ][ 0.1923086   0.79891396  0.08997563 -1.1643764   1.0094962   3.897149
  0.73029065  0.765625  ][ 0.18639976  0.7803427   0.08619675 -1.137698    1.0006928   3.965704
  0.65496206  0.7890625 ][ 0.18049091  0.79272354  0.078639   -1.1288053   0.9918893   3.9999814
  0.71145844  0.8828125 ][ 0.20412636  0.8174851   0.0635235  -1.1465908   0.9830858   4.034259
  0.71145844  0.9296875 ][ 0.20412636  0.8608177   0.05218694 -1.1465908   0.9742823   4.0571103
  0.80561924  0.9296875 ][ 0.22185296  0.9103408   0.05218694 -1.1465908   0.95667535  4.0685363
  0.89978004  0.921875  ][ 0.23367065  0.9351022   0.04840806 -1.137698    0.95667535  4.0913877
  0.9562764   0.9140625 ][ 0.2395795   0.9536735   0.04462919 -1.1643764   0.94787186  4.0799623
  0.9751086   0.90625   ][ 0.2454884   0.98462534  0.03707144 -1.1643764   0.94787186  4.1142397
  1.031605    0.8515625 ][ 0.23367065  1.0155772   0.03329256 -1.1732692   0.94787186  4.1028137
  1.0504372   0.671875  ][ 0.2395795   1.027958    0.01817706 -1.1643764   0.95667535  4.1142397
  1.0692692   0.625     ][ 0.2395795   1.0341483   0.01061931 -1.1643764   0.94787186  4.125665
  1.0692692   0.7421875 ][ 0.2395795   1.0155772   0.0068405  -1.2088403   0.94787186  4.125665
  1.0692692   0.875     ][ 0.22185296  1.0093869   0.01817706 -1.2266258   0.94787186  4.125665
  1.1069336   0.90625   ][ 0.22185296  0.99081576  0.02573481 -1.2621969   0.9390684   4.1142397
  1.1445978   0.921875  ][ 0.2100352   0.9722446   0.03329256 -1.2888752   0.9390684   4.137091
  1.16343     0.9296875 ][ 2.4548841e-01  9.1034079e-01 -7.1728230e-04 -1.1910547e+00
  1.0447104e+00  3.8857236e+00  8.0561924e-01  9.2187500e-01][ 0.26912385  0.9536735  -0.00449613 -1.2088403   1.0359068   3.908575
  0.80561924  0.921875  ][ 0.28094155  1.0031965  -0.01205388 -1.2444113   1.0271034   3.9314265
  0.8809478   0.8671875 ][ 0.29275924  1.0527195  -0.02150106 -1.2621969   1.0359068   3.954278
  0.9374442   0.8125    ][ 0.29275924  1.077481   -0.02527994 -1.3066608   1.0447104   3.9428525
  0.9939406   0.3359375 ][ 0.2868504   1.0960522  -0.03283766 -1.3422319   1.0447104   3.9428525
  1.0127728   0.328125  ][ 0.26912385  1.0898619  -0.03094822 -1.3689102   1.0447104   3.9314265
  1.0692692   0.2421875 ][ 0.25730616  1.0960522  -0.03283766 -1.3955886   1.0271034   3.954278
  1.1445978   0.2421875 ][ 0.25730616  1.1022426  -0.0347271  -1.4044814   1.0271034   3.965704
  1.1069336   0.296875  ][ 0.25139725  1.1022426  -0.03094822 -1.422267    1.0182998   3.97713
  1.1445978   0.328125  ][ 0.2454884  1.0960522 -0.0233905 -1.4489453  1.0094962  3.97713
  1.1069336  0.359375 ][ 0.2454884  1.1022426 -0.0233905 -1.4400525  1.0271034  3.97713
  1.1445978  0.2734375][ 0.2277618  1.1146233 -0.0233905 -1.5200875  1.0271034  4.034259
  1.3140872  0.21875  ][ 0.22185296  1.108433   -0.02716938 -1.5467658   1.0359068   4.034259
  1.3140872   0.2265625 ][ 0.21594405  1.1022426  -0.02150106 -1.5334266   1.0271034   4.022833
  1.2764227   0.25      ][ 0.19821745  1.1146233  -0.01205388 -1.5956761   1.0271034   4.0685363
  1.4082477   0.21875   ][ 0.2277618   1.0031965  -0.02716938 -1.457838    1.0799243   3.7828913
  0.8809478   0.046875  ][ 0.23367065  1.0093869  -0.0347271  -1.457838    1.1063347   3.8171687
  0.918612    0.078125  ][ 0.23367065  0.9784349  -0.03850597 -1.4489453   1.0975313   3.8514462
  0.8809478   0.4375    ][ 0.2395795   0.9784349  -0.04795316 -1.4845164   1.0975313   3.8857236
  0.918612    0.4375    ][ 0.23367065  0.9722446  -0.04228485 -1.5200875   1.0975313   3.8857236
  0.9562764   0.3984375 ][ 0.22185296  0.9722446  -0.03850597 -1.5289803   1.0799243   3.908575
  0.9562764   0.359375  ][ 0.21594405  0.9660542  -0.03283766 -1.5467658   1.0799243   3.908575
  0.918612    0.34375   ][ 0.2100352   0.9660542  -0.03094822 -1.5556586   1.0799243   3.908575
  0.9374442   0.328125  ][ 0.19821745  0.9660542  -0.03094822 -1.5512122   1.0799243   3.908575
  0.9562764   0.328125  ][ 0.2100352   0.9660542  -0.03661653 -1.5467658   1.0799243   3.908575
  0.918612    0.359375  ][ 0.2100352   0.9598638  -0.04039541 -1.537873    1.0799243   3.908575
  0.9562764   0.3515625 ][ 0.20412636  0.9536735  -0.04228485 -1.5423194   1.0711207   3.920001
  0.9562764   0.3671875 ][ 0.19821745  0.9536735  -0.0498426  -1.5778905   1.0799243   3.954278
  0.9562764   0.390625  ][ 0.19821745  0.94748306 -0.05362144 -1.5867833   1.0623174   3.9428525
  0.9562764   0.4140625 ][ 0.1923086   0.94748306 -0.05928975 -1.5823369   1.0623174   3.954278
  1.0127728   0.421875  ][ 0.1923086   0.9536735  -0.06117919 -1.617908    1.0623174   3.965704
  1.031605    0.4375    ][ 0.19821745  0.84224653 -0.06117919 -1.5111947   1.1151383   3.794317
  0.74912286  0.1640625 ][ 0.20412636  0.8670081  -0.05928975 -1.4667308   1.0975313   3.8628716
  0.76795506  0.15625   ][ 0.19821745  0.89796007 -0.05362144 -1.4756236   1.0799243   3.9314265
  0.80561924  0.140625  ][ 0.1923086   0.89796007 -0.05173203 -1.4756236   1.0623174   3.954278
  0.80561924  0.1328125 ][ 0.19821745  0.89796007 -0.05173203 -1.4756236   1.0447104   3.97713
  0.78678703  0.1484375 ][ 0.18639976  0.9165311  -0.05362144 -1.5023019   1.0359068   3.9885554
  0.80561924  0.140625  ][ 0.18639976  0.9165311  -0.05173203 -1.5111947   1.0094962   3.9999814
  0.80561924  0.1484375 ][ 0.1923086   0.9289119  -0.05551088 -1.5334266   1.0271034   3.9999814
  0.80561924  0.15625   ][ 0.18639976  0.9227215  -0.05173203 -1.5423194   1.0182998   4.0114074
  0.80561924  0.15625   ][ 0.174582    0.9289119  -0.04795316 -1.537873    1.0182998   4.0114074
  0.80561924  0.140625  ][ 0.18049091  0.9227215  -0.05173203 -1.5423194   1.0094962   4.022833
  0.80561924  0.125     ][ 0.174582   0.9289119 -0.0498426 -1.5823369  1.0094962  4.045685
  0.8432834  0.125    ][ 0.18049091  0.9289119  -0.0498426  -1.5912297   1.0094962   4.045685
  0.8621156   0.140625  ][ 0.18049091  0.9289119  -0.0498426  -1.5956761   1.0094962   4.0571103
  0.8621156   0.140625  ][ 0.16867316  0.94129264 -0.0498426  -1.6490327   1.0094962   4.0685363
  0.89978004  0.125     ][ 0.15094656  0.94129264 -0.05173203 -1.7157285   1.0094962   4.125665
  0.9562764   0.1328125 ][ 0.174582    0.84843695 -0.02716938 -1.560105    1.0271034   3.7714653
  0.65496206 -0.0078125 ][ 0.18049091  0.89176965 -0.008275   -1.4489453   0.9918893   3.794317
  0.65496206 -0.00390625][ 1.8049091e-01  9.0415037e-01 -7.1728230e-04 -1.4489453e+00
  9.9188930e-01  3.8285944e+00  6.9262648e-01  0.0000000e+00][ 0.18049091  0.9227215  -0.00449613 -1.4400525   0.9918893   3.8400202
  0.71145844  0.        ][ 0.1923086   0.94129264 -0.01583275 -1.4489453   0.9830858   3.8628716
  0.6926265   0.        ][ 0.19821745  0.94748306 -0.01205388 -1.4667308   0.9742823   3.8742976
  0.73029065  0.        ][ 0.19821745  0.9536735  -0.008275   -1.4934092   0.9742823   3.908575
  0.76795506  0.        ][ 0.19821745  0.9598638  -0.008275   -1.5023019   0.9742823   3.908575
  0.78678703  0.        ][ 0.19821745  0.9598638  -0.01205388 -1.5200875   0.9742823   3.908575
  0.80561924  0.0078125 ][ 0.1923086   0.9660542  -0.01205388 -1.5512122   0.9742823   3.908575
  0.8621156   0.015625  ][ 0.19821745  0.9784349  -0.01583275 -1.5512122   0.9742823   3.920001
  0.8809478   0.0234375 ][ 0.1923086   0.9660542  -0.01583275 -1.5334266   0.96547884  3.920001
  0.8432834   0.0390625 ][ 0.1923086   0.9660542  -0.01205388 -1.5556586   0.95667535  3.9314265
  0.8432834   0.0546875 ][ 0.18049091  0.9660542  -0.01205388 -1.5956761   0.95667535  3.954278
  0.918612    0.0546875 ][ 0.174582    0.9660542  -0.01205388 -1.6312472   0.94787186  3.97713
  0.89978004  0.0625    ][ 0.15685546  0.9784349  -0.008275   -1.6846039   0.9390684   3.9999814
  0.9751086   0.078125  ][ 0.19821745  0.8608177  -0.00449613 -1.5111947   1.0094962   3.794317
  0.63612986 -0.01171875][ 0.22185296  0.9351022  -0.00449613 -1.4133742   1.0006928   3.8171687
  0.6172979  -0.00390625][ 2.3367065e-01  9.5986378e-01 -7.1728230e-04 -1.3955886e+00
  9.9188930e-01  3.8285944e+00  6.1729789e-01  1.5625000e-02][ 0.2395795   0.9784349  -0.00449613 -1.3866959   0.9742823   3.8514462
  0.5984657   0.0859375 ][ 0.2454884   0.99700606 -0.008275   -1.4044814   0.96547884  3.8628716
  0.63612986  0.1015625 ][ 0.25139725  1.0155772  -0.008275   -1.4311597   0.9742823   3.8742976
  0.6172979   0.0859375 ][ 0.2454884   1.0155772  -0.008275   -1.4489453   0.9742823   3.8742976
  0.63612986  0.046875  ][ 2.3367065e-01  1.0155772e+00 -7.1728230e-04 -1.4845164e+00
  9.5667535e-01  3.8628716e+00  6.7379427e-01  3.9062500e-02][ 0.21594405  1.0155772   0.0068405  -1.5200875   0.95667535  3.8857236
  0.73029065  0.03125   ][ 0.2100352   1.0155772   0.01061931 -1.5200875   0.95667535  3.8742976
  0.73029065  0.0390625 ][ 0.2100352   1.0217676   0.0068405  -1.5200875   0.95667535  3.8742976
  0.71145844  0.0390625 ][ 2.1003520e-01  1.0279580e+00  3.0616224e-03 -1.5334266e+00
  9.7428232e-01  3.8857236e+00  7.3029065e-01  3.1250000e-02][ 2.1003520e-01  1.0279580e+00 -7.1728230e-04 -1.5378730e+00
  9.5667535e-01  3.9085751e+00  7.4912286e-01  3.9062500e-02][ 1.9821745e-01  1.0217676e+00 -7.1728230e-04 -1.5823369e+00
  9.5667535e-01  3.9200010e+00  7.6795506e-01  5.4687500e-02][ 1.9821745e-01  1.0341483e+00 -7.1728230e-04 -1.6179080e+00
  9.5667535e-01  3.9542780e+00  8.2445145e-01  7.8125000e-02][ 1.8049091e-01  1.0279580e+00 -7.1728230e-04 -1.6712646e+00
  9.4787186e-01  3.9771299e+00  8.9978004e-01  1.0156250e-01][ 2.0412636e-01  9.3510222e-01  3.0616224e-03 -1.4756236e+00
  1.0006928e+00  3.8057427e+00  5.9846568e-01 -1.1718750e-02][ 0.18639976  0.94129264  0.01061931 -1.4400525   0.9830858   3.8400202
  0.56080127  0.        ][ 0.174582    0.9598638   0.0068405  -1.4489453   0.9918893   3.8628716
  0.56080127  0.        ][ 0.174582   0.9784349  0.0068405 -1.4667308  0.9830858  3.8857236
  0.5796335  0.       ][ 0.18049091  0.9722446   0.0068405  -1.5111947   0.9742823   3.908575
  0.5796335   0.0078125 ][ 0.18049091  0.9722446   0.0068405  -1.5467658   0.9742823   3.908575
  0.5796335   0.015625  ][ 1.6867316e-01  9.6605420e-01  3.0616224e-03 -1.5867833e+00
  9.7428232e-01  3.9314265e+00  6.3612986e-01  2.3437500e-02][ 1.7458200e-01  9.6605420e-01  3.0616224e-03 -1.5867833e+00
  9.7428232e-01  3.9200010e+00  6.1729789e-01  3.1250000e-02][ 0.16276431  0.9660542   0.0068405  -1.5956761   0.9742823   3.920001
  0.63612986  0.03125   ][ 0.15685546  0.9660542   0.0068405  -1.5956761   0.9742823   3.9314265
  0.65496206  0.03125   ][ 0.15685546  0.9660542   0.01061931 -1.6268008   0.9742823   3.9314265
  0.6926265   0.0390625 ][ 0.15094656  0.9598638   0.01439819 -1.6312472   0.9742823   3.9314265
  0.6926265   0.046875  ][ 0.14503771  0.9660542   0.01439819 -1.6623719   0.9830858   3.954278
  0.71145844  0.046875  ][ 0.13912886  0.9660542   0.01817706 -1.6801574   0.9830858   3.965704
  0.6926265   0.0703125 ][ 0.11549342  0.98462534  0.0068405  -1.7335142   0.9830858   3.9999814
  0.74912286  0.0703125 ][ 0.12140226  0.9660542   0.01061931 -1.7112823   0.9742823   3.9885554
  0.73029065  0.078125  ][ 0.15094656  0.89796007  0.01061931 -1.6401399   1.0271034   3.8400202
  0.65496206 -0.015625  ][ 1.5685546e-01  9.0415037e-01 -7.1728230e-04 -1.5912297e+00
  1.0271034e+00  3.8857236e+00  6.7379427e-01 -3.9062500e-03][ 1.5094656e-01  9.1653109e-01 -7.1728230e-04 -1.5912297e+00
  1.0182998e+00  3.9085751e+00  6.9262648e-01  0.0000000e+00][ 1.5094656e-01  9.2272151e-01 -7.1728230e-04 -1.6001225e+00
  1.0271034e+00  3.9085751e+00  6.9262648e-01  0.0000000e+00][ 1.3912886e-01  9.1653109e-01  3.0616224e-03 -1.6445863e+00
  1.0359068e+00  3.9200010e+00  7.1145844e-01  7.8125000e-03][ 0.12731111  0.9103408   0.01439819 -1.6668184   1.0271034   3.908575
  0.6926265   0.0390625 ][ 0.12140226  0.90415037  0.01439819 -1.6712646   1.0094962   3.920001
  0.6926265   0.0703125 ][ 0.11549342  0.90415037  0.01439819 -1.6668184   1.0094962   3.920001
  0.67379427  0.09375   ][ 0.10958457  0.89796007  0.01439819 -1.6712646   1.0006928   3.920001
  0.65496206  0.1328125 ][ 0.10367566  0.89796007  0.01439819 -1.6668184   1.0094962   3.9314265
  0.67379427  0.1328125 ][ 0.09776682  0.89796007  0.01439819 -1.6712646   1.0094962   3.9314265
  0.6926265   0.125     ][ 0.09185797  0.89796007  0.01439819 -1.6934967   1.0006928   3.954278
  0.73029065  0.109375  ][ 0.09185797  0.90415037  0.01061931 -1.7335142   0.9918893   3.97713
  0.74912286  0.109375  ][ 9.7766817e-02  9.1034079e-01  3.0616224e-03 -1.7379606e+00
  9.9188930e-01  3.9771299e+00  7.4912286e-01  1.2500000e-01][ 9.1857970e-02  9.1653109e-01 -7.1728230e-04 -1.7646389e+00
  1.0094962e+00  3.9999814e+00  7.8678703e-01  1.0937500e-01][ 0.06822252  0.9351022  -0.00449613 -1.8491203   1.0094962   4.0571103
  0.9374442   0.0703125 ][ 0.09776682  0.84224653 -0.00449613 -1.7068357   1.0447104   3.7486138
  0.6926265  -0.015625  ][ 0.10367566  0.84843695 -0.01205388 -1.697943    1.0359068   3.8057427
  0.6926265  -0.015625  ][ 0.09776682  0.8670081  -0.01583275 -1.697943    1.0182998   3.8400202
  0.6926265  -0.0078125 ][ 0.10367566  0.89796007 -0.01583275 -1.7157285   1.0271034   3.8742976
  0.71145844 -0.0078125 ][ 9.7766817e-02  9.0415037e-01 -1.7722189e-02 -1.7690853e+00
  1.0359068e+00  3.9085751e+00  7.3029065e-01 -3.9062500e-03][ 0.09776682  0.9103408  -0.01583275 -1.8313347   1.0271034   3.954278
  0.78678703  0.        ][ 0.10367566  0.9103408  -0.01205388 -1.8402275   1.0094962   3.954278
  0.76795506  0.        ][ 0.10958457  0.89796007 -0.008275   -1.8713522   1.0182998   3.97713
  0.82445145  0.0078125 ][ 0.10367566  0.89796007 -0.00449613 -1.8757986   1.0182998   3.97713
  0.80561924  0.0078125 ][ 0.10367566  0.90415037 -0.00449613 -1.902477    1.0271034   3.9885554
  0.82445145  0.0078125 ][ 0.09185797  0.9165311  -0.00449613 -1.9691727   1.0271034   4.034259
  0.918612    0.015625  ][ 0.08594906  0.9227215  -0.00449613 -1.9869583   1.0182998   4.045685
  0.918612    0.015625  ][ 0.06231362  0.9598638  -0.008275   -2.0892253   1.0271034   4.1028137
  1.0127728   0.0234375 ][ 0.05640477  0.9722446  -0.008275   -2.129243    1.0271034   4.137091
  1.0692692   0.03125   ][ 0.05640477  0.9660542  -0.008275   -2.0936718   1.0094962   4.1142397
  1.0127728   0.0390625 ][ 0.02095163  0.9722446  -0.008275   -2.1603675   1.0094962   4.1485167
  1.1445978   0.046875  ][ 0.02095163  0.8793888  -0.02150106 -2.222617    1.0271034   3.9314265
  1.16343    -0.03125   ][ 2.7060509e-04  9.3510222e-01 -7.1728230e-04 -2.0714397e+00
  1.0447104e+00  3.9771299e+00  1.1822622e+00 -2.3437500e-02][ 2.6860476e-02  9.5367348e-01  3.0616224e-03 -1.9602799e+00
  1.0447104e+00  3.9999814e+00  1.1445978e+00 -1.9531250e-02][ 3.8678169e-02  9.5986378e-01 -7.1728230e-04 -1.8891377e+00
  1.0447104e+00  3.9885554e+00  1.1069336e+00 -1.9531250e-02][ 4.4587076e-02  9.6605420e-01 -7.1728230e-04 -1.9113698e+00
  1.0447104e+00  3.9999814e+00  1.1445978e+00 -1.5625000e-02][ 3.8678169e-02  9.9081576e-01  3.0616224e-03 -1.9825120e+00
  1.0447104e+00  4.0456848e+00  1.2199264e+00 -1.1718750e-02][ 0.00913388  1.0031965   0.0068405  -2.1070108   1.0447104   4.1142397
  1.3705835  -0.0078125 ][ 0.01504272  1.0031965   0.0068405  -2.1025643   1.0535138   4.1142397
  1.3517513  -0.01171875][ 0.00913388  0.99081576  0.0068405  -2.1247964   1.0535138   4.1142397
  1.3894157  -0.0078125 ][-8.5927248e-03  9.9081576e-01  6.8404973e-03 -2.1603675e+00
  1.0535138e+00  4.1713686e+00  1.4835763e+00 -3.9062500e-03][-0.04109144  0.99081576  0.01061931 -2.2315097   1.0535138   4.2170715
  1.6342335   0.        ][-0.03222817  0.98462534  0.01439819 -2.2181706   1.0447104   4.205646
  1.5589049   0.0078125 ][-0.04995477  0.99700606  0.01439819 -2.2626345   1.0447104   4.2399235
  1.6718979   0.015625  ][-0.05586362  0.99081576  0.01439819 -2.2893128   1.0447104   4.251349
  1.7095621   0.0234375 ][-0.08245349  1.0031965   0.01061931 -2.3649015   1.0447104   4.2856264
  1.841387    0.03125   ][-0.08540791  1.0031965   0.01061931 -2.3515623   1.0447104   4.2856264
  1.8602192   0.0390625 ][-0.09131682  0.7741524  -0.02716938 -2.5027394   1.0359068   3.8628716
  1.9355481  -0.0078125 ][-0.09427124  0.8236754  -0.02150106 -2.4315972   1.0623174   3.908575
  2.0485408   0.        ][-0.10904336  0.8855792  -0.008275   -2.44049     1.0623174   3.954278
  2.3498552   0.0078125 ][-0.10313451  0.94129264 -0.00449613 -2.4315972   1.0711207   3.954278
  2.519344    0.0078125 ][-9.1316819e-02  9.8462534e-01 -7.1728230e-04 -2.4138117e+00
  1.0975313e+00  3.9542780e+00  2.5570085e+00  2.3437500e-02][-8.5407913e-02  1.0155772e+00  3.0616224e-03 -2.4138117e+00
  1.1063347e+00  3.9542780e+00  2.6511691e+00  1.5625000e-02][-0.08540791  1.077481    0.01061931 -2.4493828   1.0975313   3.97713
  2.8018262   0.03125   ][-0.08540791  1.1393849   0.01817706 -2.4938467   1.0799243   3.9885554
  2.877155    0.046875  ][-0.09722567  1.188908    0.02951369 -2.5383105   1.0623174   3.9999814
  3.0278122   0.1015625 ][-0.10018009  1.2198598   0.03707144 -2.5783281   1.0447104   4.0114074
  3.1031406   0.1953125 ][-0.10904336  1.238431    0.04085031 -2.622792    1.0271034   4.022833
  3.140805    0.296875  ][-0.11495227  1.2508117   0.04840806 -2.6939342   1.0094962   4.0571103
  3.1784694   0.15625   ][-0.11495227  1.2631925   0.05218694 -2.738398    1.0094962   4.0799623
  3.2537978   0.15625   ][-0.11495227  1.2755733   0.05218694 -2.7650764   1.0094962   4.1028137
  3.2537978   0.15625   ][-0.12381554  1.2755733   0.05596581 -2.8006475   1.0094962   4.1028137
  3.2537978   0.1171875 ][-0.13858771  1.2631925   0.05974463 -2.818433    1.0094962   4.1028137
  3.2161334   0.1328125 ][-1.1790669e-01  6.7510629e-01 -7.1728230e-04 -2.9518247e+00
  9.5667535e-01  3.8628716e+00  2.8771551e+00 -6.2500000e-02][-1.2676996e-01  7.2462928e-01 -7.1728230e-04 -3.0051816e+00
  9.2146140e-01  3.8742976e+00  3.0278122e+00 -3.9062500e-02][-0.1326788   0.76177156 -0.00449613 -3.067431    0.9038544   3.897149
  3.1031406  -0.02734375][-0.14154214  0.7803427  -0.008275   -3.1207876   0.8686405   3.9314265
  3.2537978  -0.01953125][-1.4745098e-01  8.1129467e-01 -8.2750022e-03 -3.1652515e+00
  8.3342654e-01  3.9542780e+00  3.4044549e+00 -3.9062500e-03][-0.1504054   0.84843695 -0.01205388 -3.2008226   0.81581944  3.965704
  3.7057693   0.        ][-0.15631425  0.8793888  -0.01961163 -3.2363937   0.7806055   3.97713
  3.9694192   0.0078125 ][-0.15926874  0.9227215  -0.02527994 -3.263072    0.75419503  3.97713
  4.3083982   0.0078125 ][-0.15335983  0.9660542  -0.0233905  -3.2808576   0.7277846   3.97713
  4.647376    0.0078125 ][-0.14745098  0.99700606 -0.02527994 -3.3253214   0.7101776   3.9885554
  4.911027    0.03125   ][-0.13858771  1.0217676  -0.02905878 -3.3519998   0.68376714  3.97713
  5.099348    0.078125  ][-0.12972438  1.027958   -0.0347271  -3.378678    0.6573567   3.97713
  5.174677    0.15625   ][-0.12676996  1.0341483  -0.04039541 -3.4053564   0.6397496   3.9999814
  5.250005    0.234375  ][-0.11495227  1.0403388  -0.04039541 -3.4320347   0.6309461   3.9999814
  5.287669    0.234375  ][-0.11495227  1.0589099  -0.04417428 -3.4409275   0.6221426   3.9999814
  5.438327    0.109375  ][-0.11495227  1.0527195  -0.04417428 -3.4320347   0.6133391   3.97713
  5.438327    0.09375   ][-0.05881804  0.5512986  -0.01583275 -3.2541792   0.58692867  3.8171687
  2.9901478  -0.0546875 ][-0.06768131  0.5884409  -0.02150106 -3.2808576   0.60453564  3.8171687
  3.1031406  -0.0390625 ][-0.07654464  0.6255832  -0.02905878 -3.3164287   0.60453564  3.794317
  3.140805   -0.01953125][-0.08540791  0.6472496  -0.03094822 -3.3697853   0.60453564  3.794317
  3.1784694  -0.0078125 ][-0.09131682  0.6658207  -0.03094822 -3.423142    0.59573215  3.794317
  3.2537978  -0.00390625][-0.09722567  0.6812966  -0.03094822 -3.4498205   0.58692867  3.794317
  3.3291266   0.        ][-0.10313451  0.6967726  -0.03283766 -3.467606    0.58692867  3.8171687
  3.404455    0.0078125 ][-0.10904336  0.69986784 -0.03283766 -3.4853916   0.5693217   3.8171687
  3.4797838   0.015625  ][-0.10904336  0.718439   -0.02905878 -3.5031772   0.54291123  3.8400202
  3.630441    0.015625  ][-0.10608894  0.76177156 -0.02716938 -3.5031772   0.4988938   3.8857236
  3.7810981   0.0234375 ][-0.09131682  0.8298658  -0.02716938 -3.5120697   0.45487624  3.9314265
  3.9694192   0.0234375 ][-0.07949907  0.8793888  -0.03283766 -3.5298553   0.40205532  3.965704
  4.082412    0.03125   ][-0.06472689  0.9165311  -0.0347271  -3.5565338   0.36243963  3.9999814
  4.2330694   0.0390625 ][-0.05881804  0.9165311  -0.03850597 -3.583212    0.32282394  4.022833
  4.3083982   0.0703125 ][-0.05586362  0.90415037 -0.04228485 -3.627676    0.3052169   4.022833
  4.270734    0.171875  ][-0.06472689  0.8855792  -0.04606372 -3.67214     0.28760993  4.034259
  4.3083982   0.203125  ][-0.05586362  0.5667746  -0.08196297 -3.227501    0.43726927  3.794317
  2.9901478  -0.05859375][-0.0529092   0.60082173 -0.08385241 -3.263072    0.44167107  3.8171687
  3.1031406  -0.03125   ][-0.06472689  0.6317736  -0.08196297 -3.298643    0.44167107  3.8514462
  3.2537978  -0.01953125][-0.07654464  0.6534399  -0.08007354 -3.343107    0.44167107  3.8628716
  3.4797838  -0.01171875][-0.08245349  0.66272545 -0.08007354 -3.3875709   0.43726927  3.8857236
  3.668105    0.        ][-0.08836234  0.6751063  -0.08007354 -3.4409275   0.43726927  3.8857236
  3.8564265   0.        ][-0.09722567  0.687487   -0.08007354 -3.4853916   0.4240641   3.8857236
  4.007084    0.0078125 ][-0.10018009  0.687487   -0.07629469 -3.5209627   0.39325184  3.8857236
  4.1577406   0.015625  ][-0.09722567  0.702963   -0.07251582 -3.5565338   0.36684138  3.908575
  4.2330694   0.015625  ][-0.08245349  0.718439   -0.07062638 -3.6009977   0.32282394  3.9314265
  4.383726    0.0234375 ][-0.06768131  0.7308197  -0.06873694 -3.627676    0.28760993  3.9314265
  4.383726    0.0390625 ][-0.06177247  0.74939084 -0.07062638 -3.6543543   0.252396    3.9428525
  4.383726    0.0390625 ][-0.0529092   0.74939084 -0.07062638 -3.6899254   0.23919076  3.954278
  4.383726    0.0546875 ][-0.04995477  0.7432004  -0.07440525 -3.7343893   0.23038727  3.965704
  4.383726    0.1015625 ][-0.04995477  0.7370101  -0.07251582 -3.7521749   0.21718198  3.97713
  4.383726    0.125     ][-0.0529092   0.7308197  -0.07062638 -3.7699604   0.2083785   3.97713
  4.383726    0.2109375 ][-0.06177247  0.5667746  -0.12730941 -3.227501    0.3492344   3.794317
  3.0278122  -0.0390625 ][-0.04995477  0.60701203 -0.11786225 -3.227501    0.3580379   3.8285944
  3.2537978  -0.0234375 ][-0.04109144  0.65653515 -0.10085732 -3.227501    0.3580379   3.8857236
  3.4797838  -0.015625  ][-0.03813702  0.687487   -0.08763129 -3.227501    0.3580379   3.9428525
  3.7810981  -0.0078125 ][-2.3364842e-02  7.1843898e-01 -6.6847503e-02 -3.2363937e+00
  3.2722569e-01  3.9999814e+00  4.0070839e+00 -3.9062500e-03][-0.0056383   0.76177156 -0.04606372 -3.2452865   0.29201168  4.034259
  4.3083982   0.        ][ 0.02095163  0.8174851  -0.03094822 -3.2719648   0.252396    4.0799623
  4.6097126   0.0078125 ][ 0.04458708  0.8546274  -0.0233905  -3.298643    0.21718198  4.1142397
  4.835698    0.015625  ][ 0.08594906  0.9165311  -0.0233905  -3.3253214   0.1687628   4.125665
  5.099348    0.015625  ][ 0.11549342  0.9722446  -0.03094822 -3.3342142   0.12034357  4.125665
  5.3253336   0.015625  ][ 0.14503771  1.0093869  -0.03283766 -3.3608925   0.08512962  4.1142397
  5.438327    0.0390625 ][ 0.16276431  1.027958   -0.03094822 -3.3697853   0.0631209   4.1142397
  5.5136547   0.03125   ][ 0.174582    1.0341483  -0.03094822 -3.3964636   0.04991567  4.1142397
  5.551319    0.0546875 ][ 0.18639976  1.0403388  -0.03094822 -3.4053564   0.04551393  4.1142397
  5.551319    0.078125  ][ 0.1923086   1.0527195  -0.02905878 -3.4320347   0.04111218  4.137091
  5.551319    0.0625    ][ 0.1923086   1.027958   -0.02905878 -3.4409275   0.04551393  4.125665
  5.4759912   0.09375   ][ 0.14503771  0.60701203 -0.3086952  -3.1919298   0.24799424  3.7600396
  2.877155   -0.04296875][ 0.16276431  0.637964   -0.31058463 -3.183037    0.26119947  3.7714653
  2.7641623  -0.015625  ][ 0.16276431  0.6534399  -0.31247407 -3.183037    0.2832082   3.7714653
  2.6888335   0.        ][ 0.174582    0.66891587 -0.31436348 -3.183037    0.28760993  3.7600396
  2.6135051   0.0234375 ][ 0.18639976  0.6936774  -0.31247407 -3.2186081   0.29201168  3.7600396
  2.5381763   0.03125   ][ 0.19821745  0.71224856 -0.30680576 -3.263072    0.28760993  3.7714653
  2.519344    0.0390625 ][ 0.20412636  0.7246293  -0.29735857 -3.307536    0.27880645  3.794317
  2.4816802   0.0390625 ][ 0.21594405  0.7370101  -0.28413254 -3.3519998   0.26119947  3.8057427
  2.462848    0.046875  ][ 0.2277618   0.74939084 -0.26901704 -3.4142492   0.23478901  3.8171687
  2.4251835   0.0546875 ][ 0.23367065  0.7432004  -0.25956988 -3.4764986   0.21278024  3.8400202
  2.368687    0.0703125 ][ 0.23367065  0.74939084 -0.25012273 -3.5209627   0.199575    3.8742976
  2.331023    0.1015625 ][ 0.2277618   0.7803427  -0.23122835 -3.6009977   0.18196803  3.9314265
  2.2556942   0.171875  ][ 0.22185296  0.8174851  -0.212334   -3.663247    0.1687628   3.9999814
  2.199198    0.1953125 ][ 0.2100352   0.8608177  -0.19721851 -3.7166038   0.15555757  4.045685
  2.1615336   0.25      ][ 0.19821745  0.9165311  -0.18777135 -3.7254965   0.14675409  4.0799623
  2.0862048   0.328125  ][ 0.1923086   0.9598638  -0.18966079 -3.7254965   0.15995932  4.1142397
  2.0485408   0.34375   ][ 0.20412636  0.6193929  -0.3086952  -3.2186081   0.27000296  3.8171687
  2.3498552  -0.04296875][ 0.23367065  0.6101073  -0.30302688 -3.2452865   0.252396    3.8628716
  2.4251835  -0.0234375 ][ 0.25139725  0.60082173 -0.29924804 -3.2719648   0.23478901  3.908575
  2.4251835  -0.01171875][ 2.6912385e-01  6.0082173e-01 -2.9735857e-01 -3.3253214e+00
  2.3038727e-01  3.9542780e+00  2.3875191e+00 -3.9062500e-03][ 0.28094155  0.622488   -0.29924804 -3.4142492   0.23038727  4.045685
  2.2745264   0.        ][ 0.2868504   0.6658207  -0.29546916 -3.5031772   0.22598553  4.125665
  2.1238692   0.0078125 ][ 0.29275924  0.71224856 -0.28602198 -3.583212    0.22158372  4.1713686
  1.9355481   0.0234375 ][ 0.2986682   0.7370101  -0.28602198 -3.67214     0.2083785   4.2170715
  1.8225548   0.0234375 ][ 0.30457705  0.767962   -0.27468538 -3.7610676   0.19077152  4.2399235
  1.6530657   0.03125   ][ 0.29275924  0.80510426 -0.26145932 -3.8499954   0.16436106  4.251349
  1.4459121   0.03125   ][ 0.2868504   0.83605623 -0.25012273 -3.9389231   0.14235234  4.2856264
  1.295255    0.03125   ][ 0.28094155  0.8608177  -0.24256498 -4.0100656   0.12474531  4.3084784
  1.1257656   0.0390625 ][ 0.2750327   0.8731985  -0.23122835 -4.063422    0.11594182  4.33133
  1.031605    0.0390625 ][ 0.28094155  0.8793888  -0.22933891 -4.0989933   0.11154008  4.3541813
  0.9562764   0.046875  ][ 0.2750327   0.89796007 -0.22744948 -4.1345644   0.12034357  4.3770328
  0.89978004  0.046875  ][ 0.2750327   0.9165311  -0.22744948 -4.15235     0.13354886  4.3998847
  0.8809478   0.078125  ][-0.03813702  0.37796792 -0.008275   -1.9291553  -0.00730705  2.3546658
  0.78678703  1.        ][-0.03813702  0.3841583  -0.008275   -1.9247088  -0.00730705  2.3575222
  0.78678703  1.        ][-0.03813702  0.3903487  -0.008275   -1.9247088  -0.00730705  2.3603787
  0.78678703  1.        ][-0.04109144  0.39344388 -0.008275   -1.9247088  -0.00730705  2.3603787
  0.76795506  1.        ][-0.04109144  0.40272945 -0.008275   -1.9202626  -0.00730705  2.3660915
  0.76795506  1.        ][-0.04404587  0.40891984 -0.00449613 -1.9158161  -0.00290531  2.368948
  0.76795506  1.        ][-0.04700035  0.42130062 -0.00449613 -1.9113698  -0.00290531  2.374661
  0.76795506  1.        ][-0.04995477  0.4336814  -0.00449613 -1.9069233  -0.00290531  2.380374
  0.74912286  1.        ][-0.05586362  0.45225254 -0.00449613 -1.8980305  -0.00290531  2.3889432
  0.73029065  1.        ][-0.05881804  0.47082368 -0.00449613 -1.8891377  -0.00290531  2.3946562
  0.73029065  1.        ][-0.06472689  0.49249002 -0.00449613 -1.8757986  -0.00290531  2.4032254
  0.71145844  1.        ][-0.0706358   0.5172515  -0.00449613 -1.8669058  -0.00290531  2.4089384
  0.6926265   1.        ][-7.6544642e-02  5.3891790e-01 -4.4961274e-03 -1.8535666e+00
  1.4964342e-03  2.4175076e+00  6.9262648e-01  1.0000000e+00][-8.2453489e-02  5.6986976e-01 -7.1728230e-04 -1.8357811e+00
  1.4964342e-03  2.4232206e+00  6.5496206e-01  1.0000000e+00][-8.8362336e-02  5.9463131e-01 -7.1728230e-04 -1.8179955e+00
 -2.9053092e-03  2.4289336e+00  6.5496206e-01  1.0000000e+00][-9.4271243e-02  6.1320245e-01 -7.1728230e-04 -1.8046564e+00
 -2.9053092e-03  2.4346464e+00  6.3612986e-01  1.0000000e+00][-9.7225666e-02  6.3177359e-01 -4.4961274e-03 -1.7868708e+00
  1.4964342e-03  2.4317899e+00  6.1729789e-01  1.0000000e+00][-1.0313451e-01  6.5034473e-01 -4.4961274e-03 -1.7735317e+00
  1.4964342e-03  2.4346464e+00  6.1729789e-01  1.0000000e+00][-1.0608894e-01  6.6891587e-01 -4.4961274e-03 -1.7601925e+00
  1.4964342e-03  2.4346464e+00  5.9846568e-01  1.0000000e+00][-1.1199778e-01  6.8439186e-01 -7.1728230e-04 -1.7468534e+00
  1.4964342e-03  2.4346464e+00  5.9846568e-01  1.0000000e+00][-1.14952266e-01  6.93677425e-01 -7.17282295e-04 -1.73796058e+00
  1.49643421e-03  2.43750286e+00  5.98465681e-01  1.00000000e+00][-1.1790669e-01  7.0296299e-01 -7.1728230e-04 -1.7290678e+00
  1.4964342e-03  2.4346464e+00  5.7963347e-01  1.0000000e+00][-1.2086111e-01  7.1224856e-01 -7.1728230e-04 -1.7246213e+00
  1.4964342e-03  2.4375029e+00  5.7963347e-01  1.0000000e+00][-1.2086111e-01  7.1843898e-01 -7.1728230e-04 -1.7201750e+00
  1.4964342e-03  2.4375029e+00  5.7963347e-01  1.0000000e+00][-1.2086111e-01  7.1843898e-01 -7.1728230e-04 -1.7157285e+00
  1.4964342e-03  2.4375029e+00  5.7963347e-01  1.0000000e+00][-1.2086111e-01  7.1843898e-01 -7.1728230e-04 -1.7201750e+00
  1.4964342e-03  2.4375029e+00  5.7963347e-01  1.0000000e+00][-1.2086111e-01  7.1843898e-01 -7.1728230e-04 -1.7201750e+00
  1.4964342e-03  2.4375029e+00  5.7963347e-01  1.0000000e+00][-1.1790669e-01  7.1224856e-01 -7.1728230e-04 -1.7246213e+00
  1.4964342e-03  2.4375029e+00  5.7963347e-01  1.0000000e+00][-1.1790669e-01  7.1224856e-01 -7.1728230e-04 -1.7246213e+00
  1.4964342e-03  2.4403594e+00  5.7963347e-01  1.0000000e+00][-1.1790669e-01  7.1843898e-01 -7.1728230e-04 -1.7246213e+00
  1.4964342e-03  2.4403594e+00  5.7963347e-01  1.0000000e+00][-1.2086111e-01  7.2462928e-01 -7.1728230e-04 -1.7201750e+00
 -2.9053092e-03  2.4403594e+00  5.7963347e-01  1.0000000e+00][-1.2086111e-01  7.3081970e-01 -7.1728230e-04 -1.7157285e+00
  1.4964342e-03  2.4460721e+00  5.7963347e-01  1.0000000e+00][-1.1199778e-01  7.3081970e-01 -7.1728230e-04 -1.7157285e+00
  1.4964342e-03  2.4460721e+00  5.6080127e-01  1.0000000e+00][-1.1199778e-01  7.3701012e-01 -7.1728230e-04 -1.7157285e+00
  1.4964342e-03  2.4517851e+00  5.6080127e-01  1.0000000e+00][-1.1199778e-01  7.4939084e-01 -7.1728230e-04 -1.7112823e+00
  1.4964342e-03  2.4603543e+00  5.7963347e-01  1.0000000e+00][-1.1199778e-01  7.6796198e-01 -7.1728230e-04 -1.7023895e+00
  1.4964342e-03  2.4689238e+00  5.7963347e-01  1.0000000e+00][-1.1199778e-01  7.8034270e-01 -7.1728230e-04 -1.6979430e+00
  1.4964342e-03  2.4803495e+00  5.6080127e-01  1.0000000e+00][-1.0904336e-01  7.9272354e-01 -7.1728230e-04 -1.6934967e+00
  1.4964342e-03  2.4860625e+00  5.7963347e-01  1.0000000e+00][-1.0904336e-01  8.0510426e-01 -7.1728230e-04 -1.6890502e+00
  1.4964342e-03  2.4946318e+00  5.7963347e-01  1.0000000e+00][-1.0904336e-01  8.1129467e-01 -7.1728230e-04 -1.6890502e+00
  1.4964342e-03  2.5003448e+00  5.7963347e-01  1.0000000e+00][-1.0904336e-01  8.1748509e-01 -7.1728230e-04 -1.6846039e+00
  1.4964342e-03  2.5032012e+00  5.7963347e-01  1.0000000e+00][-1.0904336e-01  8.1748509e-01 -7.1728230e-04 -1.6846039e+00
  1.4964342e-03  2.5060577e+00  5.7963347e-01  1.0000000e+00][-1.0904336e-01  8.1748509e-01 -7.1728230e-04 -1.6890502e+00
  1.4964342e-03  2.5060577e+00  5.7963347e-01  1.0000000e+00][-1.1199778e-01  8.1748509e-01 -7.1728230e-04 -1.6890502e+00
  1.4964342e-03  2.5032012e+00  5.7963347e-01  5.4687500e-02][-0.11495227  0.8174851   0.00306162 -1.6890502  -0.00290531  2.4974883
  0.5796335  -0.99609375][-0.11199778  0.8174851   0.00306162 -1.6890502  -0.00290531  2.4974883
  0.56080127 -0.99609375][-1.1199778e-01  8.1748509e-01 -7.1728230e-04 -1.6846039e+00
  1.4964342e-03  2.4974883e+00  5.6080127e-01 -9.9609375e-01][-1.1199778e-01  8.1748509e-01 -7.1728230e-04 -1.6846039e+00
  1.4964342e-03  2.4974883e+00  5.6080127e-01 -1.0000000e+00][-1.1199778e-01  8.0510426e-01 -7.1728230e-04 -1.7068357e+00
  1.4964342e-03  2.5060577e+00  5.4196930e-01 -9.9609375e-01][-1.0904336e-01  7.9272354e-01 -7.1728230e-04 -1.7246213e+00
  1.4964342e-03  2.5146270e+00  5.4196930e-01 -9.9609375e-01][-1.0904336e-01  7.8034270e-01 -7.1728230e-04 -1.7468534e+00
  1.4964342e-03  2.5231962e+00  5.4196930e-01 -9.9609375e-01][-1.0608894e-01  7.6796198e-01 -7.1728230e-04 -1.7735317e+00
  1.4964342e-03  2.5346222e+00  5.4196930e-01 -9.9609375e-01][-1.0313451e-01  7.4939084e-01 -7.1728230e-04 -1.8002100e+00
  1.4964342e-03  2.5460479e+00  5.4196930e-01 -9.9609375e-01][-1.0313451e-01  7.3081970e-01 -7.1728230e-04 -1.8357811e+00
  1.4964342e-03  2.5603302e+00  5.6080127e-01 -9.9609375e-01][-9.7225666e-02  7.1224856e-01 -7.1728230e-04 -1.8669058e+00
  1.4964342e-03  2.5774689e+00  5.6080127e-01 -9.9609375e-01][-9.7225666e-02  6.9367743e-01 -7.1728230e-04 -1.9024770e+00
 -2.9053092e-03  2.5888948e+00  5.6080127e-01 -9.9609375e-01][-9.4271243e-02  6.7201102e-01 -7.1728230e-04 -1.9336016e+00
 -2.9053092e-03  2.6003206e+00  5.6080127e-01 -9.9609375e-01][-9.1316819e-02  6.5343988e-01 -7.1728230e-04 -1.9647264e+00
 -2.9053092e-03  2.6174593e+00  5.6080127e-01 -9.9609375e-01][-8.8362336e-02  6.3177359e-01 -7.1728230e-04 -2.0002975e+00
 -2.9053092e-03  2.6288850e+00  5.6080127e-01 -9.9609375e-01][-8.2453489e-02  6.1320245e-01 -7.1728230e-04 -2.0314221e+00
 -2.9053092e-03  2.6403108e+00  5.6080127e-01 -9.9609375e-01][-7.9499066e-02  5.9463131e-01 -7.1728230e-04 -2.0581007e+00
 -2.9053092e-03  2.6517367e+00  5.7963347e-01 -9.9609375e-01][-0.07654464  0.5791553   0.00306162 -2.0892253  -0.00290531  2.6631625
  0.5796335  -0.99609375][-0.0706358   0.5605842   0.00306162 -2.1159036  -0.00290531  2.6745882
  0.5796335  -0.9921875 ][-6.7681313e-02  5.4510820e-01 -7.1728230e-04 -2.1425819e+00
 -2.9053092e-03  2.6860142e+00  5.7963347e-01 -9.9218750e-01][-0.04995477  0.52963233  0.00306162 -2.1336892  -0.00290531  2.6574495
  0.6172979  -0.99609375][-0.04109144  0.5110612   0.00306162 -2.142582   -0.00290531  2.6517367
  0.6172979  -1.        ][-0.03222817  0.49558517  0.00306162 -2.1514747  -0.00290531  2.6403108
  0.6172979  -1.        ][-0.02631932  0.4832044   0.0068405  -2.155921   -0.00290531  2.634598
  0.63612986 -1.        ][-0.02041042  0.47391883  0.0068405  -2.1603675  -0.00730705  2.634598
  0.63612986 -1.        ][-0.017456    0.46463326  0.0068405  -2.164814   -0.00730705  2.628885
  0.65496206 -1.        ][ 0.01504272  0.70605814 -0.01205388 -1.5689977  -0.02051228  2.6060333
  0.18415856  0.984375  ][ 0.01504272  0.70605814 -0.01205388 -1.5423194  -0.01831144  2.5888948
  0.18415856  0.9765625 ][ 0.01504272  0.702963   -0.01205388 -1.5334266  -0.01611054  2.5774689
  0.18415856  0.984375  ][ 0.01504272  0.702963   -0.01205388 -1.5334266  -0.01611054  2.571756
  0.20299053  0.984375  ][ 0.00913388  0.69986784 -0.01205388 -1.537873   -0.01611054  2.571756
  0.18415856  0.984375  ][ 0.00913388  0.6967726  -0.01205388 -1.537873   -0.0139097   2.571756
  0.20299053  0.984375  ][ 0.00617945  0.6967726  -0.01205388 -1.537873   -0.0117088   2.5774689
  0.18415856  0.96875   ][ 0.00617945  0.6967726  -0.01205388 -1.5423194  -0.0139097   2.571756
  0.20299053  0.984375  ][ 0.00617945  0.6967726  -0.01205388 -1.537873   -0.0139097   2.571756
  0.20299053  0.984375  ][ 0.00617945  0.6967726  -0.01205388 -1.537873   -0.0117088   2.5660431
  0.20299053  0.984375  ][ 0.00617945  0.6936774  -0.01205388 -1.537873   -0.0117088   2.5660431
  0.20299053  0.984375  ][ 0.00322503  0.6967726  -0.01583275 -1.5423194  -0.0117088   2.571756
  0.20299053  0.96875   ][ 0.00322503  0.6967726  -0.01583275 -1.5423194  -0.0117088   2.571756
  0.20299053  0.96875   ][ 0.00617945  0.6967726  -0.01583275 -1.537873   -0.00730705  2.5660431
  0.20299053  0.96875   ][ 0.00617945  0.6967726  -0.01583275 -1.5334266  -0.00730705  2.5660431
  0.20299053  0.96875   ][ 0.00617945  0.6967726  -0.01772219 -1.5334266  -0.0117088   2.5603302
  0.20299053  0.9765625 ][ 0.00322503  0.6936774  -0.008275   -1.5512122  -0.02491403  2.5831819
  0.20299053  0.984375  ][ 0.00322503  0.6905823  -0.01205388 -1.5423194  -0.02051228  2.5831819
  0.20299053  0.96875   ][ 0.00322503  0.6905823  -0.008275   -1.537873   -0.02051228  2.5831819
  0.20299053  0.96875   ][ 0.00322503  0.687487   -0.008275   -1.5423194  -0.01831144  2.5888948
  0.20299053  0.953125  ][ 0.00322503  0.687487   -0.00449613 -1.5423194  -0.01611054  2.5888948
  0.20299053  0.953125  ][ 0.00322503  0.687487   -0.00449613 -1.5423194  -0.01611054  2.5888948
  0.20299053  0.9453125 ][ 0.00617945  0.68439186  0.00306162 -1.5467658  -0.00730705  2.6060333
  0.20299053  0.9453125 ][ 0.00913388  0.68439186  0.0068405  -1.5556586  -0.00290531  2.623172
  0.20299053  0.9375    ][ 0.00617945  0.687487    0.01439819 -1.5512122   0.00589818  2.634598
  0.20299053  0.9296875 ][ 0.00913388  0.687487    0.0068405  -1.5556586  -0.00290531  2.6174593
  0.20299053  0.9375    ][ 0.00913388  0.6905823   0.00306162 -1.5556586  -0.00730705  2.6117463
  0.20299053  0.9375    ][ 0.00913388  0.6967726   0.01061931 -1.5556586  -0.00290531  2.623172
  0.20299053  0.9375    ][ 0.00913388  0.6967726   0.01061931 -1.5556586  -0.00730705  2.6174593
  0.20299053  0.9375    ][ 0.00913388  0.6967726   0.01061931 -1.5645514  -0.00290531  2.623172
  0.20299053  0.9375    ][ 9.1338754e-03  6.9986784e-01  1.4398187e-02 -1.5645514e+00
  1.4964342e-03  2.6288850e+00  2.2182274e-01  9.3750000e-01][ 0.01504272  0.69986784  0.01439819 -1.5645514  -0.00290531  2.623172
  0.20299053  0.921875  ][ 0.13322002  0.62867844  0.15421638 -1.4934092   0.3580379   2.9716592
  0.20299053  0.875     ][ 0.13912886  0.622488    0.16177413 -1.4934092   0.3492344   3.0516398
  0.18415856  0.859375  ][ 0.14503771  0.637964    0.16177413 -1.4934092   0.32282394  3.0744915
  0.20299053  0.8828125 ][ 0.14503771  0.6534399   0.165553   -1.5111947   0.3052169   3.0744915
  0.22182274  0.8828125 ][ 0.16276431  0.6596303   0.165553   -1.5512122   0.2744047   3.103056
  0.20299053  0.890625  ][ 0.16276431  0.6812966   0.16177413 -1.6045688   0.24799424  3.108769
  0.22182274  0.8984375 ][ 0.16276431  0.6936774   0.15799525 -1.6134616   0.23478901  3.1144817
  0.24065495  0.90625   ][ 0.16276431  0.70605814  0.15043756 -1.6356936   0.22158372  3.1201944
  0.25948715  0.8984375 ][ 0.15685546  0.71224856  0.14665869 -1.6356936   0.199575    3.108769
  0.27831912  0.90625   ][ 0.15094656  0.7370101   0.13910094 -1.7157285   0.18636978  3.1430461
  0.29715133  0.90625   ][ 0.15094656  0.7370101   0.13532206 -1.720175    0.1687628   3.1430461
  0.29715133  0.9140625 ][ 0.15094656  0.7432004   0.13154319 -1.7468534   0.15555757  3.1373334
  0.31598353  0.90625   ][ 0.15685546  0.7308197   0.13910094 -1.7246213   0.17316455  3.1316204
  0.29715133  0.90625   ][ 0.16276431  0.718439    0.14287981 -1.7157285   0.17316455  3.1316204
  0.29715133  0.90625   ][ 0.174582    0.702963    0.14287981 -1.6846039   0.199575    3.1259074
  0.27831912  0.890625  ][ 0.174582    0.718439    0.13532206 -1.697943    0.17756629  3.1201944
  0.29715133  0.890625  ][ 0.174582    0.64105916  0.15799525 -1.537873    0.30961865  3.1773236
  0.33481574  0.890625  ][ 0.2100352   0.6162976   0.1806685  -1.4311597   0.35363615  3.2287397
  0.29715133  0.875     ][ 0.2277618   0.61320245  0.1806685  -1.4044814   0.37564486  3.2458785
  0.29715133  0.84375   ][ 0.23367065  0.62867844  0.1806685  -1.3511246   0.36684138  3.2573042
  0.29715133  0.859375  ][ 0.2395795   0.64105916  0.1806685  -1.3155535   0.36243963  3.2687302
  0.29715133  0.859375  ][ 0.2395795   0.6441543   0.18444738 -1.297768    0.36243963  3.2687302
  0.31598353  0.828125  ][ 0.2454884   0.6441543   0.18444738 -1.2888752   0.37124312  3.2915816
  0.33481574  0.8359375 ][ 0.2454884   0.6472496   0.18822625 -1.2888752   0.37564486  3.2801557
  0.31598353  0.8125    ][ 0.2454884   0.6317736   0.195784   -1.2710897   0.37564486  3.2801557
  0.31598353  0.828125  ][ 0.25139725  0.622488    0.2033417  -1.2444113   0.37124312  3.314433
  0.33481574  0.8359375 ][ 0.25730616  0.60082173  0.19956288 -1.217733    0.36684138  3.314433
  0.3536477   0.84375   ][ 0.263215    0.59772646  0.19956288 -1.1999475   0.3580379   3.3372848
  0.3536477   0.84375   ][ 0.263215    0.6039169   0.19956288 -1.1910547   0.3580379   3.3601365
  0.37247992  0.828125  ][ 0.263215    0.5946313   0.2033417  -1.1732692   0.3492344   3.3601365
  0.37247992  0.828125  ][ 0.25730616  0.6101073   0.2033417  -1.1732692   0.33602917  3.3601365
  0.41014433  0.84375   ][ 0.263215    0.59153616  0.2033417  -1.1732692   0.33162743  3.3372848
  0.39131212  0.875     ][ 0.26912385  0.44915733  0.19956288 -1.102127    0.54291123  3.62293
  0.4289763   0.859375  ][ 0.30457705  0.4553477   0.21845719 -0.977628    0.5693217   3.7029104
  0.4478085   0.78125   ][ 0.30457705  0.4584429   0.23357269 -0.897593    0.5473129   3.7714653
  0.5231371   0.890625  ][ 0.3104859   0.4584429   0.24868819 -0.85312915  0.5385094   3.794317
  0.5796335   0.859375  ][ 0.3223036   0.48010924  0.25624588 -0.8086653   0.53410774  3.8171687
  0.63612986  0.859375  ][ 0.31639475  0.5079659   0.26380363 -0.74641573  0.52090245  3.8171687
  0.65496206  0.8203125 ][ 0.30457705  0.5079659   0.26002476 -0.7197374   0.5076973   3.8057427
  0.65496206  0.859375  ][ 0.2868504   0.51415634  0.27514026 -0.66638076  0.494492    3.8171687
  0.65496206  0.84375   ][ 0.28094155  0.51415634  0.27891913 -0.6397023   0.48128682  3.8171687
  0.65496206  0.890625  ][ 0.2750327   0.5079659   0.27891913 -0.6041312   0.48128682  3.8171687
  0.65496206  0.8984375 ][ 0.26912385  0.52963233  0.27891913 -0.5685601   0.47248334  3.8400202
  0.67379427  0.859375  ][ 0.26912385  0.5327275   0.27514026 -0.532989    0.47248334  3.8171687
  0.63612986  0.890625  ][ 0.263215    0.5512986   0.2675825  -0.532989    0.46367985  3.8171687
  0.6172979   0.859375  ][ 0.26912385  0.56986976  0.25624588 -0.5063107   0.46367985  3.8400202
  0.5984657   0.875     ][ 0.26912385  0.5729649   0.24868819 -0.49741793  0.46367985  3.8400202
  0.5796335   0.8515625 ][ 0.26912385  0.5605842   0.24868819 -0.55966735  0.47248334  3.8400202
  0.5984657   0.8671875 ][ 0.26912385  0.42130062  0.27136138 -0.59523845  0.5781252   3.9999814
  0.6926265   0.890625  ][ 0.25730616  0.3903487   0.27891913 -0.63080955  0.60453564  4.0571103
  0.65496206  0.9296875 ][ 0.2454884   0.3841583   0.27891913 -0.65748787  0.58692867  4.0913877
  0.65496206  0.9453125 ][ 0.23367065  0.3903487   0.282698   -0.67527354  0.59573215  4.1142397
  0.65496206  0.9453125 ][ 0.22185296  0.39653906  0.27136138 -0.71084464  0.60453564  4.125665
  0.65496206  0.9453125 ][ 0.22185296  0.40272945  0.26380363 -0.73752296  0.60453564  4.125665
  0.63612986  0.953125  ][ 0.22185296  0.40582466  0.26380363 -0.74641573  0.60453564  4.125665
  0.6172979   0.953125  ][ 0.22185296  0.42439577  0.26380363 -0.7553085   0.60453564  4.137091
  0.63612986  0.953125  ][ 0.23367065  0.4151102   0.26002476 -0.7553085   0.60453564  4.1485167
  0.63612986  0.96875   ][ 0.23367065  0.42749098  0.26002476 -0.7286302   0.59573215  4.137091
  0.65496206  0.96875   ][ 0.2277618   0.43987176  0.25624588 -0.7197374   0.60453564  4.1485167
  0.65496206  0.9609375 ][ 0.2277618   0.4336814   0.25624588 -0.71084464  0.60453564  4.137091
  0.63612986  0.96875   ][ 0.22185296  0.44606212  0.25624588 -0.7197374   0.60453564  4.1485167
  0.63612986  0.96875   ][ 0.2277618   0.43987176  0.252467   -0.7197374   0.60453564  4.1599426
  0.65496206  0.96875   ][ 0.2395795   0.42749098  0.24868819 -0.7197374   0.58692867  4.1485167
  0.65496206  0.96875   ][ 0.2395795   0.43677655  0.24490932 -0.7197374   0.58692867  4.1599426
  0.67379427  0.9765625 ][ 0.2454884   0.36249197  0.22979382 -0.8353436   0.73658806  4.034259
  0.73029065  0.953125  ][ 0.263215    0.4336814   0.21845719 -0.92427135  0.7806055   4.137091
  0.67379427  0.96875   ][ 0.2750327   0.4862996   0.21845719 -0.977628    0.7806055   4.2170715
  0.67379427  0.96875   ][ 0.28094155  0.54201305  0.21467832 -1.0220919   0.79821247  4.262775
  0.65496206  0.953125  ][ 0.30457705  0.60701203  0.21089944 -1.057663    0.80701596  4.2970524
  0.63612986  0.9375    ][ 0.31639475  0.6503447   0.20712057 -1.0665557   0.81581944  4.2970524
  0.6172979   0.8359375 ][ 0.29275924  0.6751063   0.2033417  -1.0754485   0.81581944  4.2970524
  0.5796335   0.84375   ][ 0.263215    0.6751063   0.2033417  -1.0932341   0.80701596  4.274201
  0.5419693   0.8828125 ][ 0.23367065  0.6812966   0.2033417  -1.0665557   0.79821247  4.274201
  0.5419693   0.921875  ][ 0.2100352   0.6905823   0.19956288 -1.0665557   0.80701596  4.262775
  0.5419693   0.9296875 ][ 0.19821745  0.68439186  0.19956288 -1.057663    0.80701596  4.262775
  0.5419693   0.9375    ][ 0.18049091  0.6936774   0.2033417  -1.0665557   0.80701596  4.262775
  0.5043049   0.9375    ][ 0.18049091  0.702963    0.2033417  -1.0665557   0.80701596  4.274201
  0.5419693   0.9140625 ][ 0.18639976  0.718439    0.2033417  -1.0932341   0.81581944  4.2970524
  0.56080127  0.890625  ][ 0.18639976  0.71224856  0.195784   -1.1110197   0.81581944  4.2970524
  0.5796335   0.921875  ][ 0.19821745  0.702963    0.18444738 -1.137698    0.79821247  4.3084784
  0.5796335   0.953125  ][ 0.2100352   0.6534399   0.14665869 -1.0754485   0.9390684   3.954278
  0.63612986  0.921875  ][ 0.22185296  0.70605814  0.13910094 -1.0131991   0.94787186  3.9999814
  0.5984657   0.921875  ][ 0.21594405  0.7370101   0.14665869 -1.0131991   0.9390684   4.022833
  0.6172979   0.921875  ][ 0.21594405  0.76177156  0.15421638 -1.0220919   0.9390684   4.045685
  0.65496206  0.921875  ][ 0.21594405  0.7803427   0.15421638 -1.0220919   0.9390684   4.0571103
  0.65496206  0.9375    ][ 0.20412636  0.80510426  0.15421638 -1.0487702   0.9302649   4.0799623
  0.71145844  0.921875  ][ 0.19821745  0.8174851   0.15043756 -1.0754485   0.9214614   4.1028137
  0.76795506  0.921875  ][ 0.19821745  0.8298658   0.15043756 -1.0754485   0.9038544   4.1142397
  0.74912286  0.921875  ][ 0.18639976  0.83605623  0.15421638 -1.0932341   0.9038544   4.125665
  0.78678703  0.9140625 ][ 0.18049091  0.84224653  0.15043756 -1.102127    0.9038544   4.125665
  0.82445145  0.9140625 ][ 0.18049091  0.8546274   0.14287981 -1.1110197   0.9038544   4.1485167
  0.8432834   0.90625   ][ 0.174582    0.8608177   0.14287981 -1.1110197   0.9038544   4.1485167
  0.82445145  0.8984375 ][ 0.174582    0.8670081   0.14287981 -1.1110197   0.9038544   4.1599426
  0.8432834   0.890625  ][ 0.174582    0.8793888   0.14287981 -1.137698    0.9038544   4.1713686
  0.8809478   0.859375  ][ 0.16867316  0.8855792   0.13532206 -1.1554836   0.9038544   4.19422
  0.918612    0.859375  ][ 0.174582    0.8793888   0.13532206 -1.1554836   0.9038544   4.19422
  0.918612    0.859375  ][ 0.1923086   0.79891396  0.08997563 -1.1643764   1.0094962   3.897149
  0.73029065  0.765625  ][ 0.18639976  0.7803427   0.08619675 -1.137698    1.0006928   3.965704
  0.65496206  0.7890625 ][ 0.18049091  0.79272354  0.078639   -1.1288053   0.9918893   3.9999814
  0.71145844  0.8828125 ][ 0.20412636  0.8174851   0.0635235  -1.1465908   0.9830858   4.034259
  0.71145844  0.9296875 ][ 0.20412636  0.8608177   0.05218694 -1.1465908   0.9742823   4.0571103
  0.80561924  0.9296875 ][ 0.22185296  0.9103408   0.05218694 -1.1465908   0.95667535  4.0685363
  0.89978004  0.921875  ][ 0.23367065  0.9351022   0.04840806 -1.137698    0.95667535  4.0913877
  0.9562764   0.9140625 ][ 0.2395795   0.9536735   0.04462919 -1.1643764   0.94787186  4.0799623
  0.9751086   0.90625   ][ 0.2454884   0.98462534  0.03707144 -1.1643764   0.94787186  4.1142397
  1.031605    0.8515625 ][ 0.23367065  1.0155772   0.03329256 -1.1732692   0.94787186  4.1028137
  1.0504372   0.671875  ][ 0.2395795   1.027958    0.01817706 -1.1643764   0.95667535  4.1142397
  1.0692692   0.625     ][ 0.2395795   1.0341483   0.01061931 -1.1643764   0.94787186  4.125665
  1.0692692   0.7421875 ][ 0.2395795   1.0155772   0.0068405  -1.2088403   0.94787186  4.125665
  1.0692692   0.875     ][ 0.22185296  1.0093869   0.01817706 -1.2266258   0.94787186  4.125665
  1.1069336   0.90625   ][ 0.22185296  0.99081576  0.02573481 -1.2621969   0.9390684   4.1142397
  1.1445978   0.921875  ][ 0.2100352   0.9722446   0.03329256 -1.2888752   0.9390684   4.137091
  1.16343     0.9296875 ][ 2.4548841e-01  9.1034079e-01 -7.1728230e-04 -1.1910547e+00
  1.0447104e+00  3.8857236e+00  8.0561924e-01  9.2187500e-01][ 0.26912385  0.9536735  -0.00449613 -1.2088403   1.0359068   3.908575
  0.80561924  0.921875  ][ 0.28094155  1.0031965  -0.01205388 -1.2444113   1.0271034   3.9314265
  0.8809478   0.8671875 ][ 0.29275924  1.0527195  -0.02150106 -1.2621969   1.0359068   3.954278
  0.9374442   0.8125    ][ 0.29275924  1.077481   -0.02527994 -1.3066608   1.0447104   3.9428525
  0.9939406   0.3359375 ][ 0.2868504   1.0960522  -0.03283766 -1.3422319   1.0447104   3.9428525
  1.0127728   0.328125  ][ 0.26912385  1.0898619  -0.03094822 -1.3689102   1.0447104   3.9314265
  1.0692692   0.2421875 ][ 0.25730616  1.0960522  -0.03283766 -1.3955886   1.0271034   3.954278
  1.1445978   0.2421875 ][ 0.25730616  1.1022426  -0.0347271  -1.4044814   1.0271034   3.965704
  1.1069336   0.296875  ][ 0.25139725  1.1022426  -0.03094822 -1.422267    1.0182998   3.97713
  1.1445978   0.328125  ][ 0.2454884  1.0960522 -0.0233905 -1.4489453  1.0094962  3.97713
  1.1069336  0.359375 ][ 0.2454884  1.1022426 -0.0233905 -1.4400525  1.0271034  3.97713
  1.1445978  0.2734375][ 0.2277618  1.1146233 -0.0233905 -1.5200875  1.0271034  4.034259
  1.3140872  0.21875  ][ 0.22185296  1.108433   -0.02716938 -1.5467658   1.0359068   4.034259
  1.3140872   0.2265625 ][ 0.21594405  1.1022426  -0.02150106 -1.5334266   1.0271034   4.022833
  1.2764227   0.25      ][ 0.19821745  1.1146233  -0.01205388 -1.5956761   1.0271034   4.0685363
  1.4082477   0.21875   ][ 0.2277618   1.0031965  -0.02716938 -1.457838    1.0799243   3.7828913
  0.8809478   0.046875  ][ 0.23367065  1.0093869  -0.0347271  -1.457838    1.1063347   3.8171687
  0.918612    0.078125  ][ 0.23367065  0.9784349  -0.03850597 -1.4489453   1.0975313   3.8514462
  0.8809478   0.4375    ][ 0.2395795   0.9784349  -0.04795316 -1.4845164   1.0975313   3.8857236
  0.918612    0.4375    ][ 0.23367065  0.9722446  -0.04228485 -1.5200875   1.0975313   3.8857236
  0.9562764   0.3984375 ][ 0.22185296  0.9722446  -0.03850597 -1.5289803   1.0799243   3.908575
  0.9562764   0.359375  ][ 0.21594405  0.9660542  -0.03283766 -1.5467658   1.0799243   3.908575
  0.918612    0.34375   ][ 0.2100352   0.9660542  -0.03094822 -1.5556586   1.0799243   3.908575
  0.9374442   0.328125  ][ 0.19821745  0.9660542  -0.03094822 -1.5512122   1.0799243   3.908575
  0.9562764   0.328125  ][ 0.2100352   0.9660542  -0.03661653 -1.5467658   1.0799243   3.908575
  0.918612    0.359375  ][ 0.2100352   0.9598638  -0.04039541 -1.537873    1.0799243   3.908575
  0.9562764   0.3515625 ][ 0.20412636  0.9536735  -0.04228485 -1.5423194   1.0711207   3.920001
  0.9562764   0.3671875 ][ 0.19821745  0.9536735  -0.0498426  -1.5778905   1.0799243   3.954278
  0.9562764   0.390625  ][ 0.19821745  0.94748306 -0.05362144 -1.5867833   1.0623174   3.9428525
  0.9562764   0.4140625 ][ 0.1923086   0.94748306 -0.05928975 -1.5823369   1.0623174   3.954278
  1.0127728   0.421875  ][ 0.1923086   0.9536735  -0.06117919 -1.617908    1.0623174   3.965704
  1.031605    0.4375    ][ 0.19821745  0.84224653 -0.06117919 -1.5111947   1.1151383   3.794317
  0.74912286  0.1640625 ][ 0.20412636  0.8670081  -0.05928975 -1.4667308   1.0975313   3.8628716
  0.76795506  0.15625   ][ 0.19821745  0.89796007 -0.05362144 -1.4756236   1.0799243   3.9314265
  0.80561924  0.140625  ][ 0.1923086   0.89796007 -0.05173203 -1.4756236   1.0623174   3.954278
  0.80561924  0.1328125 ][ 0.19821745  0.89796007 -0.05173203 -1.4756236   1.0447104   3.97713
  0.78678703  0.1484375 ][ 0.18639976  0.9165311  -0.05362144 -1.5023019   1.0359068   3.9885554
  0.80561924  0.140625  ][ 0.18639976  0.9165311  -0.05173203 -1.5111947   1.0094962   3.9999814
  0.80561924  0.1484375 ][ 0.1923086   0.9289119  -0.05551088 -1.5334266   1.0271034   3.9999814
  0.80561924  0.15625   ][ 0.18639976  0.9227215  -0.05173203 -1.5423194   1.0182998   4.0114074
  0.80561924  0.15625   ][ 0.174582    0.9289119  -0.04795316 -1.537873    1.0182998   4.0114074
  0.80561924  0.140625  ][ 0.18049091  0.9227215  -0.05173203 -1.5423194   1.0094962   4.022833
  0.80561924  0.125     ][ 0.174582   0.9289119 -0.0498426 -1.5823369  1.0094962  4.045685
  0.8432834  0.125    ][ 0.18049091  0.9289119  -0.0498426  -1.5912297   1.0094962   4.045685
  0.8621156   0.140625  ][ 0.18049091  0.9289119  -0.0498426  -1.5956761   1.0094962   4.0571103
  0.8621156   0.140625  ][ 0.16867316  0.94129264 -0.0498426  -1.6490327   1.0094962   4.0685363
  0.89978004  0.125     ][ 0.15094656  0.94129264 -0.05173203 -1.7157285   1.0094962   4.125665
  0.9562764   0.1328125 ][ 0.174582    0.84843695 -0.02716938 -1.560105    1.0271034   3.7714653
  0.65496206 -0.0078125 ][ 0.18049091  0.89176965 -0.008275   -1.4489453   0.9918893   3.794317
  0.65496206 -0.00390625][ 1.8049091e-01  9.0415037e-01 -7.1728230e-04 -1.4489453e+00
  9.9188930e-01  3.8285944e+00  6.9262648e-01  0.0000000e+00][ 0.18049091  0.9227215  -0.00449613 -1.4400525   0.9918893   3.8400202
  0.71145844  0.        ][ 0.1923086   0.94129264 -0.01583275 -1.4489453   0.9830858   3.8628716
  0.6926265   0.        ][ 0.19821745  0.94748306 -0.01205388 -1.4667308   0.9742823   3.8742976
  0.73029065  0.        ][ 0.19821745  0.9536735  -0.008275   -1.4934092   0.9742823   3.908575
  0.76795506  0.        ][ 0.19821745  0.9598638  -0.008275   -1.5023019   0.9742823   3.908575
  0.78678703  0.        ][ 0.19821745  0.9598638  -0.01205388 -1.5200875   0.9742823   3.908575
  0.80561924  0.0078125 ][ 0.1923086   0.9660542  -0.01205388 -1.5512122   0.9742823   3.908575
  0.8621156   0.015625  ][ 0.19821745  0.9784349  -0.01583275 -1.5512122   0.9742823   3.920001
  0.8809478   0.0234375 ][ 0.1923086   0.9660542  -0.01583275 -1.5334266   0.96547884  3.920001
  0.8432834   0.0390625 ][ 0.1923086   0.9660542  -0.01205388 -1.5556586   0.95667535  3.9314265
  0.8432834   0.0546875 ][ 0.18049091  0.9660542  -0.01205388 -1.5956761   0.95667535  3.954278
  0.918612    0.0546875 ][ 0.174582    0.9660542  -0.01205388 -1.6312472   0.94787186  3.97713
  0.89978004  0.0625    ][ 0.15685546  0.9784349  -0.008275   -1.6846039   0.9390684   3.9999814
  0.9751086   0.078125  ][ 0.19821745  0.8608177  -0.00449613 -1.5111947   1.0094962   3.794317
  0.63612986 -0.01171875][ 0.22185296  0.9351022  -0.00449613 -1.4133742   1.0006928   3.8171687
  0.6172979  -0.00390625][ 2.3367065e-01  9.5986378e-01 -7.1728230e-04 -1.3955886e+00
  9.9188930e-01  3.8285944e+00  6.1729789e-01  1.5625000e-02][ 0.2395795   0.9784349  -0.00449613 -1.3866959   0.9742823   3.8514462
  0.5984657   0.0859375 ][ 0.2454884   0.99700606 -0.008275   -1.4044814   0.96547884  3.8628716
  0.63612986  0.1015625 ][ 0.25139725  1.0155772  -0.008275   -1.4311597   0.9742823   3.8742976
  0.6172979   0.0859375 ][ 0.2454884   1.0155772  -0.008275   -1.4489453   0.9742823   3.8742976
  0.63612986  0.046875  ][ 2.3367065e-01  1.0155772e+00 -7.1728230e-04 -1.4845164e+00
  9.5667535e-01  3.8628716e+00  6.7379427e-01  3.9062500e-02][ 0.21594405  1.0155772   0.0068405  -1.5200875   0.95667535  3.8857236
  0.73029065  0.03125   ][ 0.2100352   1.0155772   0.01061931 -1.5200875   0.95667535  3.8742976
  0.73029065  0.0390625 ][ 0.2100352   1.0217676   0.0068405  -1.5200875   0.95667535  3.8742976
  0.71145844  0.0390625 ][ 2.1003520e-01  1.0279580e+00  3.0616224e-03 -1.5334266e+00
  9.7428232e-01  3.8857236e+00  7.3029065e-01  3.1250000e-02][ 2.1003520e-01  1.0279580e+00 -7.1728230e-04 -1.5378730e+00
  9.5667535e-01  3.9085751e+00  7.4912286e-01  3.9062500e-02][ 1.9821745e-01  1.0217676e+00 -7.1728230e-04 -1.5823369e+00
  9.5667535e-01  3.9200010e+00  7.6795506e-01  5.4687500e-02][ 1.9821745e-01  1.0341483e+00 -7.1728230e-04 -1.6179080e+00
  9.5667535e-01  3.9542780e+00  8.2445145e-01  7.8125000e-02][ 1.8049091e-01  1.0279580e+00 -7.1728230e-04 -1.6712646e+00
  9.4787186e-01  3.9771299e+00  8.9978004e-01  1.0156250e-01][ 2.0412636e-01  9.3510222e-01  3.0616224e-03 -1.4756236e+00
  1.0006928e+00  3.8057427e+00  5.9846568e-01 -1.1718750e-02][ 0.18639976  0.94129264  0.01061931 -1.4400525   0.9830858   3.8400202
  0.56080127  0.        ][ 0.174582    0.9598638   0.0068405  -1.4489453   0.9918893   3.8628716
  0.56080127  0.        ][ 0.174582   0.9784349  0.0068405 -1.4667308  0.9830858  3.8857236
  0.5796335  0.       ][ 0.18049091  0.9722446   0.0068405  -1.5111947   0.9742823   3.908575
  0.5796335   0.0078125 ][ 0.18049091  0.9722446   0.0068405  -1.5467658   0.9742823   3.908575
  0.5796335   0.015625  ][ 1.6867316e-01  9.6605420e-01  3.0616224e-03 -1.5867833e+00
  9.7428232e-01  3.9314265e+00  6.3612986e-01  2.3437500e-02][ 1.7458200e-01  9.6605420e-01  3.0616224e-03 -1.5867833e+00
  9.7428232e-01  3.9200010e+00  6.1729789e-01  3.1250000e-02][ 0.16276431  0.9660542   0.0068405  -1.5956761   0.9742823   3.920001
  0.63612986  0.03125   ][ 0.15685546  0.9660542   0.0068405  -1.5956761   0.9742823   3.9314265
  0.65496206  0.03125   ][ 0.15685546  0.9660542   0.01061931 -1.6268008   0.9742823   3.9314265
  0.6926265   0.0390625 ][ 0.15094656  0.9598638   0.01439819 -1.6312472   0.9742823   3.9314265
  0.6926265   0.046875  ][ 0.14503771  0.9660542   0.01439819 -1.6623719   0.9830858   3.954278
  0.71145844  0.046875  ][ 0.13912886  0.9660542   0.01817706 -1.6801574   0.9830858   3.965704
  0.6926265   0.0703125 ][ 0.11549342  0.98462534  0.0068405  -1.7335142   0.9830858   3.9999814
  0.74912286  0.0703125 ][ 0.12140226  0.9660542   0.01061931 -1.7112823   0.9742823   3.9885554
  0.73029065  0.078125  ][ 0.15094656  0.89796007  0.01061931 -1.6401399   1.0271034   3.8400202
  0.65496206 -0.015625  ][ 1.5685546e-01  9.0415037e-01 -7.1728230e-04 -1.5912297e+00
  1.0271034e+00  3.8857236e+00  6.7379427e-01 -3.9062500e-03][ 1.5094656e-01  9.1653109e-01 -7.1728230e-04 -1.5912297e+00
  1.0182998e+00  3.9085751e+00  6.9262648e-01  0.0000000e+00][ 1.5094656e-01  9.2272151e-01 -7.1728230e-04 -1.6001225e+00
  1.0271034e+00  3.9085751e+00  6.9262648e-01  0.0000000e+00][ 1.3912886e-01  9.1653109e-01  3.0616224e-03 -1.6445863e+00
  1.0359068e+00  3.9200010e+00  7.1145844e-01  7.8125000e-03][ 0.12731111  0.9103408   0.01439819 -1.6668184   1.0271034   3.908575
  0.6926265   0.0390625 ][ 0.12140226  0.90415037  0.01439819 -1.6712646   1.0094962   3.920001
  0.6926265   0.0703125 ][ 0.11549342  0.90415037  0.01439819 -1.6668184   1.0094962   3.920001
  0.67379427  0.09375   ][ 0.10958457  0.89796007  0.01439819 -1.6712646   1.0006928   3.920001
  0.65496206  0.1328125 ][ 0.10367566  0.89796007  0.01439819 -1.6668184   1.0094962   3.9314265
  0.67379427  0.1328125 ][ 0.09776682  0.89796007  0.01439819 -1.6712646   1.0094962   3.9314265
  0.6926265   0.125     ][ 0.09185797  0.89796007  0.01439819 -1.6934967   1.0006928   3.954278
  0.73029065  0.109375  ][ 0.09185797  0.90415037  0.01061931 -1.7335142   0.9918893   3.97713
  0.74912286  0.109375  ][ 9.7766817e-02  9.1034079e-01  3.0616224e-03 -1.7379606e+00
  9.9188930e-01  3.9771299e+00  7.4912286e-01  1.2500000e-01][ 9.1857970e-02  9.1653109e-01 -7.1728230e-04 -1.7646389e+00
  1.0094962e+00  3.9999814e+00  7.8678703e-01  1.0937500e-01][ 0.06822252  0.9351022  -0.00449613 -1.8491203   1.0094962   4.0571103
  0.9374442   0.0703125 ][ 0.09776682  0.84224653 -0.00449613 -1.7068357   1.0447104   3.7486138
  0.6926265  -0.015625  ][ 0.10367566  0.84843695 -0.01205388 -1.697943    1.0359068   3.8057427
  0.6926265  -0.015625  ][ 0.09776682  0.8670081  -0.01583275 -1.697943    1.0182998   3.8400202
  0.6926265  -0.0078125 ][ 0.10367566  0.89796007 -0.01583275 -1.7157285   1.0271034   3.8742976
  0.71145844 -0.0078125 ][ 9.7766817e-02  9.0415037e-01 -1.7722189e-02 -1.7690853e+00
  1.0359068e+00  3.9085751e+00  7.3029065e-01 -3.9062500e-03][ 0.09776682  0.9103408  -0.01583275 -1.8313347   1.0271034   3.954278
  0.78678703  0.        ][ 0.10367566  0.9103408  -0.01205388 -1.8402275   1.0094962   3.954278
  0.76795506  0.        ][ 0.10958457  0.89796007 -0.008275   -1.8713522   1.0182998   3.97713
  0.82445145  0.0078125 ][ 0.10367566  0.89796007 -0.00449613 -1.8757986   1.0182998   3.97713
  0.80561924  0.0078125 ][ 0.10367566  0.90415037 -0.00449613 -1.902477    1.0271034   3.9885554
  0.82445145  0.0078125 ][ 0.09185797  0.9165311  -0.00449613 -1.9691727   1.0271034   4.034259
  0.918612    0.015625  ][ 0.08594906  0.9227215  -0.00449613 -1.9869583   1.0182998   4.045685
  0.918612    0.015625  ][ 0.06231362  0.9598638  -0.008275   -2.0892253   1.0271034   4.1028137
  1.0127728   0.0234375 ][ 0.05640477  0.9722446  -0.008275   -2.129243    1.0271034   4.137091
  1.0692692   0.03125   ][ 0.05640477  0.9660542  -0.008275   -2.0936718   1.0094962   4.1142397
  1.0127728   0.0390625 ][ 0.02095163  0.9722446  -0.008275   -2.1603675   1.0094962   4.1485167
  1.1445978   0.046875  ][ 0.02095163  0.8793888  -0.02150106 -2.222617    1.0271034   3.9314265
  1.16343    -0.03125   ][ 2.7060509e-04  9.3510222e-01 -7.1728230e-04 -2.0714397e+00
  1.0447104e+00  3.9771299e+00  1.1822622e+00 -2.3437500e-02][ 2.6860476e-02  9.5367348e-01  3.0616224e-03 -1.9602799e+00
  1.0447104e+00  3.9999814e+00  1.1445978e+00 -1.9531250e-02][ 3.8678169e-02  9.5986378e-01 -7.1728230e-04 -1.8891377e+00
  1.0447104e+00  3.9885554e+00  1.1069336e+00 -1.9531250e-02][ 4.4587076e-02  9.6605420e-01 -7.1728230e-04 -1.9113698e+00
  1.0447104e+00  3.9999814e+00  1.1445978e+00 -1.5625000e-02][ 3.8678169e-02  9.9081576e-01  3.0616224e-03 -1.9825120e+00
  1.0447104e+00  4.0456848e+00  1.2199264e+00 -1.1718750e-02][ 0.00913388  1.0031965   0.0068405  -2.1070108   1.0447104   4.1142397
  1.3705835  -0.0078125 ][ 0.01504272  1.0031965   0.0068405  -2.1025643   1.0535138   4.1142397
  1.3517513  -0.01171875][ 0.00913388  0.99081576  0.0068405  -2.1247964   1.0535138   4.1142397
  1.3894157  -0.0078125 ][-8.5927248e-03  9.9081576e-01  6.8404973e-03 -2.1603675e+00
  1.0535138e+00  4.1713686e+00  1.4835763e+00 -3.9062500e-03][-0.04109144  0.99081576  0.01061931 -2.2315097   1.0535138   4.2170715
  1.6342335   0.        ][-0.03222817  0.98462534  0.01439819 -2.2181706   1.0447104   4.205646
  1.5589049   0.0078125 ][-0.04995477  0.99700606  0.01439819 -2.2626345   1.0447104   4.2399235
  1.6718979   0.015625  ][-0.05586362  0.99081576  0.01439819 -2.2893128   1.0447104   4.251349
  1.7095621   0.0234375 ][-0.08245349  1.0031965   0.01061931 -2.3649015   1.0447104   4.2856264
  1.841387    0.03125   ][-0.08540791  1.0031965   0.01061931 -2.3515623   1.0447104   4.2856264
  1.8602192   0.0390625 ][-0.09131682  0.7741524  -0.02716938 -2.5027394   1.0359068   3.8628716
  1.9355481  -0.0078125 ][-0.09427124  0.8236754  -0.02150106 -2.4315972   1.0623174   3.908575
  2.0485408   0.        ][-0.10904336  0.8855792  -0.008275   -2.44049     1.0623174   3.954278
  2.3498552   0.0078125 ][-0.10313451  0.94129264 -0.00449613 -2.4315972   1.0711207   3.954278
  2.519344    0.0078125 ][-9.1316819e-02  9.8462534e-01 -7.1728230e-04 -2.4138117e+00
  1.0975313e+00  3.9542780e+00  2.5570085e+00  2.3437500e-02][-8.5407913e-02  1.0155772e+00  3.0616224e-03 -2.4138117e+00
  1.1063347e+00  3.9542780e+00  2.6511691e+00  1.5625000e-02][-0.08540791  1.077481    0.01061931 -2.4493828   1.0975313   3.97713
  2.8018262   0.03125   ][-0.08540791  1.1393849   0.01817706 -2.4938467   1.0799243   3.9885554
  2.877155    0.046875  ][-0.09722567  1.188908    0.02951369 -2.5383105   1.0623174   3.9999814
  3.0278122   0.1015625 ][-0.10018009  1.2198598   0.03707144 -2.5783281   1.0447104   4.0114074
  3.1031406   0.1953125 ][-0.10904336  1.238431    0.04085031 -2.622792    1.0271034   4.022833
  3.140805    0.296875  ][-0.11495227  1.2508117   0.04840806 -2.6939342   1.0094962   4.0571103
  3.1784694   0.15625   ][-0.11495227  1.2631925   0.05218694 -2.738398    1.0094962   4.0799623
  3.2537978   0.15625   ][-0.11495227  1.2755733   0.05218694 -2.7650764   1.0094962   4.1028137
  3.2537978   0.15625   ][-0.12381554  1.2755733   0.05596581 -2.8006475   1.0094962   4.1028137
  3.2537978   0.1171875 ][-0.13858771  1.2631925   0.05974463 -2.818433    1.0094962   4.1028137
  3.2161334   0.1328125 ][-1.1790669e-01  6.7510629e-01 -7.1728230e-04 -2.9518247e+00
  9.5667535e-01  3.8628716e+00  2.8771551e+00 -6.2500000e-02][-1.2676996e-01  7.2462928e-01 -7.1728230e-04 -3.0051816e+00
  9.2146140e-01  3.8742976e+00  3.0278122e+00 -3.9062500e-02][-0.1326788   0.76177156 -0.00449613 -3.067431    0.9038544   3.897149
  3.1031406  -0.02734375][-0.14154214  0.7803427  -0.008275   -3.1207876   0.8686405   3.9314265
  3.2537978  -0.01953125][-1.4745098e-01  8.1129467e-01 -8.2750022e-03 -3.1652515e+00
  8.3342654e-01  3.9542780e+00  3.4044549e+00 -3.9062500e-03][-0.1504054   0.84843695 -0.01205388 -3.2008226   0.81581944  3.965704
  3.7057693   0.        ][-0.15631425  0.8793888  -0.01961163 -3.2363937   0.7806055   3.97713
  3.9694192   0.0078125 ][-0.15926874  0.9227215  -0.02527994 -3.263072    0.75419503  3.97713
  4.3083982   0.0078125 ][-0.15335983  0.9660542  -0.0233905  -3.2808576   0.7277846   3.97713
  4.647376    0.0078125 ][-0.14745098  0.99700606 -0.02527994 -3.3253214   0.7101776   3.9885554
  4.911027    0.03125   ][-0.13858771  1.0217676  -0.02905878 -3.3519998   0.68376714  3.97713
  5.099348    0.078125  ][-0.12972438  1.027958   -0.0347271  -3.378678    0.6573567   3.97713
  5.174677    0.15625   ][-0.12676996  1.0341483  -0.04039541 -3.4053564   0.6397496   3.9999814
  5.250005    0.234375  ][-0.11495227  1.0403388  -0.04039541 -3.4320347   0.6309461   3.9999814
  5.287669    0.234375  ][-0.11495227  1.0589099  -0.04417428 -3.4409275   0.6221426   3.9999814
  5.438327    0.109375  ][-0.11495227  1.0527195  -0.04417428 -3.4320347   0.6133391   3.97713
  5.438327    0.09375   ][-0.05881804  0.5512986  -0.01583275 -3.2541792   0.58692867  3.8171687
  2.9901478  -0.0546875 ][-0.06768131  0.5884409  -0.02150106 -3.2808576   0.60453564  3.8171687
  3.1031406  -0.0390625 ][-0.07654464  0.6255832  -0.02905878 -3.3164287   0.60453564  3.794317
  3.140805   -0.01953125][-0.08540791  0.6472496  -0.03094822 -3.3697853   0.60453564  3.794317
  3.1784694  -0.0078125 ][-0.09131682  0.6658207  -0.03094822 -3.423142    0.59573215  3.794317
  3.2537978  -0.00390625][-0.09722567  0.6812966  -0.03094822 -3.4498205   0.58692867  3.794317
  3.3291266   0.        ][-0.10313451  0.6967726  -0.03283766 -3.467606    0.58692867  3.8171687
  3.404455    0.0078125 ][-0.10904336  0.69986784 -0.03283766 -3.4853916   0.5693217   3.8171687
  3.4797838   0.015625  ][-0.10904336  0.718439   -0.02905878 -3.5031772   0.54291123  3.8400202
  3.630441    0.015625  ][-0.10608894  0.76177156 -0.02716938 -3.5031772   0.4988938   3.8857236
  3.7810981   0.0234375 ][-0.09131682  0.8298658  -0.02716938 -3.5120697   0.45487624  3.9314265
  3.9694192   0.0234375 ][-0.07949907  0.8793888  -0.03283766 -3.5298553   0.40205532  3.965704
  4.082412    0.03125   ][-0.06472689  0.9165311  -0.0347271  -3.5565338   0.36243963  3.9999814
  4.2330694   0.0390625 ][-0.05881804  0.9165311  -0.03850597 -3.583212    0.32282394  4.022833
  4.3083982   0.0703125 ][-0.05586362  0.90415037 -0.04228485 -3.627676    0.3052169   4.022833
  4.270734    0.171875  ][-0.06472689  0.8855792  -0.04606372 -3.67214     0.28760993  4.034259
  4.3083982   0.203125  ][-0.05586362  0.5667746  -0.08196297 -3.227501    0.43726927  3.794317
  2.9901478  -0.05859375][-0.0529092   0.60082173 -0.08385241 -3.263072    0.44167107  3.8171687
  3.1031406  -0.03125   ][-0.06472689  0.6317736  -0.08196297 -3.298643    0.44167107  3.8514462
  3.2537978  -0.01953125][-0.07654464  0.6534399  -0.08007354 -3.343107    0.44167107  3.8628716
  3.4797838  -0.01171875][-0.08245349  0.66272545 -0.08007354 -3.3875709   0.43726927  3.8857236
  3.668105    0.        ][-0.08836234  0.6751063  -0.08007354 -3.4409275   0.43726927  3.8857236
  3.8564265   0.        ][-0.09722567  0.687487   -0.08007354 -3.4853916   0.4240641   3.8857236
  4.007084    0.0078125 ][-0.10018009  0.687487   -0.07629469 -3.5209627   0.39325184  3.8857236
  4.1577406   0.015625  ][-0.09722567  0.702963   -0.07251582 -3.5565338   0.36684138  3.908575
  4.2330694   0.015625  ][-0.08245349  0.718439   -0.07062638 -3.6009977   0.32282394  3.9314265
  4.383726    0.0234375 ][-0.06768131  0.7308197  -0.06873694 -3.627676    0.28760993  3.9314265
  4.383726    0.0390625 ][-0.06177247  0.74939084 -0.07062638 -3.6543543   0.252396    3.9428525
  4.383726    0.0390625 ][-0.0529092   0.74939084 -0.07062638 -3.6899254   0.23919076  3.954278
  4.383726    0.0546875 ][-0.04995477  0.7432004  -0.07440525 -3.7343893   0.23038727  3.965704
  4.383726    0.1015625 ][-0.04995477  0.7370101  -0.07251582 -3.7521749   0.21718198  3.97713
  4.383726    0.125     ][-0.0529092   0.7308197  -0.07062638 -3.7699604   0.2083785   3.97713
  4.383726    0.2109375 ][-0.06177247  0.5667746  -0.12730941 -3.227501    0.3492344   3.794317
  3.0278122  -0.0390625 ][-0.04995477  0.60701203 -0.11786225 -3.227501    0.3580379   3.8285944
  3.2537978  -0.0234375 ][-0.04109144  0.65653515 -0.10085732 -3.227501    0.3580379   3.8857236
  3.4797838  -0.015625  ][-0.03813702  0.687487   -0.08763129 -3.227501    0.3580379   3.9428525
  3.7810981  -0.0078125 ][-2.3364842e-02  7.1843898e-01 -6.6847503e-02 -3.2363937e+00
  3.2722569e-01  3.9999814e+00  4.0070839e+00 -3.9062500e-03][-0.0056383   0.76177156 -0.04606372 -3.2452865   0.29201168  4.034259
  4.3083982   0.        ][ 0.02095163  0.8174851  -0.03094822 -3.2719648   0.252396    4.0799623
  4.6097126   0.0078125 ][ 0.04458708  0.8546274  -0.0233905  -3.298643    0.21718198  4.1142397
  4.835698    0.015625  ][ 0.08594906  0.9165311  -0.0233905  -3.3253214   0.1687628   4.125665
  5.099348    0.015625  ][ 0.11549342  0.9722446  -0.03094822 -3.3342142   0.12034357  4.125665
  5.3253336   0.015625  ][ 0.14503771  1.0093869  -0.03283766 -3.3608925   0.08512962  4.1142397
  5.438327    0.0390625 ][ 0.16276431  1.027958   -0.03094822 -3.3697853   0.0631209   4.1142397
  5.5136547   0.03125   ][ 0.174582    1.0341483  -0.03094822 -3.3964636   0.04991567  4.1142397
  5.551319    0.0546875 ][ 0.18639976  1.0403388  -0.03094822 -3.4053564   0.04551393  4.1142397
  5.551319    0.078125  ][ 0.1923086   1.0527195  -0.02905878 -3.4320347   0.04111218  4.137091
  5.551319    0.0625    ][ 0.1923086   1.027958   -0.02905878 -3.4409275   0.04551393  4.125665
  5.4759912   0.09375   ][ 0.14503771  0.60701203 -0.3086952  -3.1919298   0.24799424  3.7600396
  2.877155   -0.04296875][ 0.16276431  0.637964   -0.31058463 -3.183037    0.26119947  3.7714653
  2.7641623  -0.015625  ][ 0.16276431  0.6534399  -0.31247407 -3.183037    0.2832082   3.7714653
  2.6888335   0.        ][ 0.174582    0.66891587 -0.31436348 -3.183037    0.28760993  3.7600396
  2.6135051   0.0234375 ][ 0.18639976  0.6936774  -0.31247407 -3.2186081   0.29201168  3.7600396
  2.5381763   0.03125   ][ 0.19821745  0.71224856 -0.30680576 -3.263072    0.28760993  3.7714653
  2.519344    0.0390625 ][ 0.20412636  0.7246293  -0.29735857 -3.307536    0.27880645  3.794317
  2.4816802   0.0390625 ][ 0.21594405  0.7370101  -0.28413254 -3.3519998   0.26119947  3.8057427
  2.462848    0.046875  ][ 0.2277618   0.74939084 -0.26901704 -3.4142492   0.23478901  3.8171687
  2.4251835   0.0546875 ][ 0.23367065  0.7432004  -0.25956988 -3.4764986   0.21278024  3.8400202
  2.368687    0.0703125 ][ 0.23367065  0.74939084 -0.25012273 -3.5209627   0.199575    3.8742976
  2.331023    0.1015625 ][ 0.2277618   0.7803427  -0.23122835 -3.6009977   0.18196803  3.9314265
  2.2556942   0.171875  ][ 0.22185296  0.8174851  -0.212334   -3.663247    0.1687628   3.9999814
  2.199198    0.1953125 ][ 0.2100352   0.8608177  -0.19721851 -3.7166038   0.15555757  4.045685
  2.1615336   0.25      ][ 0.19821745  0.9165311  -0.18777135 -3.7254965   0.14675409  4.0799623
  2.0862048   0.328125  ][ 0.1923086   0.9598638  -0.18966079 -3.7254965   0.15995932  4.1142397
  2.0485408   0.34375   ][ 0.20412636  0.6193929  -0.3086952  -3.2186081   0.27000296  3.8171687
  2.3498552  -0.04296875][ 0.23367065  0.6101073  -0.30302688 -3.2452865   0.252396    3.8628716
  2.4251835  -0.0234375 ][ 0.25139725  0.60082173 -0.29924804 -3.2719648   0.23478901  3.908575
  2.4251835  -0.01171875][ 2.6912385e-01  6.0082173e-01 -2.9735857e-01 -3.3253214e+00
  2.3038727e-01  3.9542780e+00  2.3875191e+00 -3.9062500e-03][ 0.28094155  0.622488   -0.29924804 -3.4142492   0.23038727  4.045685
  2.2745264   0.        ][ 0.2868504   0.6658207  -0.29546916 -3.5031772   0.22598553  4.125665
  2.1238692   0.0078125 ][ 0.29275924  0.71224856 -0.28602198 -3.583212    0.22158372  4.1713686
  1.9355481   0.0234375 ][ 0.2986682   0.7370101  -0.28602198 -3.67214     0.2083785   4.2170715
  1.8225548   0.0234375 ][ 0.30457705  0.767962   -0.27468538 -3.7610676   0.19077152  4.2399235
  1.6530657   0.03125   ][ 0.29275924  0.80510426 -0.26145932 -3.8499954   0.16436106  4.251349
  1.4459121   0.03125   ][ 0.2868504   0.83605623 -0.25012273 -3.9389231   0.14235234  4.2856264
  1.295255    0.03125   ][ 0.28094155  0.8608177  -0.24256498 -4.0100656   0.12474531  4.3084784
  1.1257656   0.0390625 ][ 0.2750327   0.8731985  -0.23122835 -4.063422    0.11594182  4.33133
  1.031605    0.0390625 ][ 0.28094155  0.8793888  -0.22933891 -4.0989933   0.11154008  4.3541813
  0.9562764   0.046875  ][ 0.2750327   0.89796007 -0.22744948 -4.1345644   0.12034357  4.3770328
  0.89978004  0.046875  ][ 0.2750327   0.9165311  -0.22744948 -4.15235     0.13354886  4.3998847
  0.8809478   0.078125  ]